pt/y	-0.975	-0.925	-0.875	-0.825	-0.775	-0.725	-0.675	-0.625	-0.575	-0.525	-0.475	-0.425	-0.375	-0.325	-0.275	-0.225	-0.175	-0.125	-0.075	-0.025	0.025	0.075	0.125	0.175	0.225	0.275	0.325	0.375	0.425	0.475	0.525	0.575	0.625	0.675	0.725	0.775	0.825	0.875	0.925	0.975
0	0	0	0	0	0	0	0	0	0	0	5.36E-05	3.07E-04	6.73E-04	9.36E-04	6.09E-04	5.36E-04	3.71E-04	3.66E-04	2.19E-04	2.00E-04	2.93E-04	4.58E-04	1.90E-04	3.90E-04	4.63E-04	7.12E-04	0.00102375	0.001053	5.61E-04	1.17E-04	0	0	0	0	0	0	0	0	0	0
0.05	0	0	0	0	0	0	0	0	0	2.44E-05	6.53E-04	0.002808001	0.005372251	0.007473376	0.006474001	0.005089501	0.003412501	0.0023205	0.002067	0.002500876	0.001272375	0.0017745	0.002413125	0.003661126	0.004977376	0.008146126	0.008419126	0.007839001	0.003290626	8.43E-04	1.37E-04	0	0	0	0	0	0	0	0	0
0.1	0	0	0	0	0	0	0	0	0	7.31E-05	9.65E-04	0.005055376	0.010159502	0.012377627	0.012928502	0.009257627	0.006240001	0.004494751	0.003714751	0.003285751	0.002739751	0.003466126	0.004485001	0.006352126	0.010339877	0.013728002	0.016053378	0.011865752	0.006829876	0.001126125	1.80E-04	0	0	0	0	0	0	0	0	0
0.15	0	0	0	0	0	0	0	0	0	2.93E-05	0.00155025	0.006688501	0.013245377	0.018300753	0.015990003	0.012845627	0.010315502	0.006625126	0.006074251	0.004709251	0.005421001	0.005469751	0.006025501	0.009057752	0.013927877	0.019129503	0.021971628	0.017676753	0.008180251	0.001828125	3.02E-04	0	0	0	0	0	0	0	0	0
0.2	0	0	0	0	0	0	0	0	9.75E-06	9.26E-05	0.00156	0.006503251	0.017169753	0.021718128	0.021279378	0.015180752	0.010617752	0.008599501	0.006771376	0.006045001	0.006630001	0.008204626	0.008068126	0.010998002	0.016584753	0.023166004	0.024106879	0.019680378	0.008526376	0.001769625	2.63E-04	0	0	0	0	0	0	0	0	0
0.25	0	0	0	0	0	0	0	0	3.41E-05	1.02E-04	0.001652625	0.006254626	0.014035127	0.021191628	0.022566379	0.015658503	0.012582377	0.008950501	0.009306377	0.007215001	0.007858501	0.009472127	0.009525752	0.013035752	0.018422628	0.023034379	0.023473129	0.017413503	0.008536126	0.001564875	2.73E-04	4.88E-06	0	0	0	0	0	0	0	0
0.3	0	0	0	0	0	0	0	0	0	4.39E-05	0.001321125	0.005269876	0.013596377	0.019363503	0.019275753	0.017238003	0.013674377	0.010398377	0.009140627	0.008614126	0.008770126	0.009369752	0.010768877	0.015190502	0.017589003	0.023370754	0.023751004	0.015522002	0.007195501	0.001311375	1.46E-04	3.41E-05	0	0	0	0	0	0	0	0
0.35	0	0	0	0	0	0	0	0	0	8.78E-05	6.44E-04	0.004265626	0.011266127	0.016843128	0.017676753	0.017086878	0.013196627	0.011246627	0.009969377	0.010310627	0.009408752	0.010193627	0.011963252	0.014454377	0.017701128	0.020894253	0.020401878	0.014005877	0.006318001	0.001282125	2.19E-04	2.93E-05	0	0	0	0	0	0	0	0
0.4	0	0	0	0	0	0	0	0	0	4.39E-05	5.02E-04	0.002734876	0.008653126	0.015390377	0.018612753	0.015712128	0.012826127	0.012026627	0.011080877	0.011646377	0.012163127	0.012026627	0.013021127	0.015546377	0.017969253	0.018978378	0.015726753	0.011324627	0.004299751	6.53E-04	1.90E-04	3.41E-05	0	0	0	0	0	0	0	0
0.45	0	0	0	0	0	0	0	0	0	3.41E-05	3.61E-04	0.003212626	0.006903001	0.011587877	0.013888877	0.013923002	0.013079627	0.012202127	0.010812752	0.012250877	0.011066252	0.012363002	0.013947377	0.014035127	0.015741378	0.017013753	0.013693877	0.008155876	0.002520376	6.05E-04	1.95E-05	0	0	0	0	0	0	0	0	0
0.5	0	0	0	0	0	0	0	0	0	7.80E-05	2.83E-04	0.00195	0.005323501	0.009355127	0.011734127	0.013108877	0.013104002	0.011773127	0.012489752	0.012036377	0.012133877	0.011485502	0.012645752	0.012650627	0.014712752	0.013503752	0.010632377	0.005421001	0.002554501	5.51E-04	1.22E-04	0	0	0	0	0	0	0	0	0
0.55	0	0	0	0	0	0	0	0	0	1.46E-05	1.02E-04	0.00145275	0.003675751	0.007005376	0.010408127	0.011583002	0.013157627	0.012294752	0.011422127	0.011007752	0.013230752	0.012007127	0.011470877	0.013108877	0.012913877	0.011904752	0.008467876	0.004787251	0.00164775	3.07E-04	1.85E-04	0	0	0	0	0	0	0	0	0
0.6	0	0	0	0	0	0	0	0	0	0	2.24E-04	9.65E-04	0.002598376	0.005279626	0.007609876	0.009920627	0.011173502	0.011739002	0.010057127	0.013762127	0.012036377	0.012714002	0.012265502	0.012211877	0.010398377	0.009160127	0.005606251	0.003163876	0.00110175	1.95E-04	2.93E-05	0	0	0	0	0	0	0	0	0
0.65	0	0	0	0	0	0	0	0	0	0	2.10E-04	9.12E-04	0.00203775	0.004265626	0.006088876	0.008589751	0.010500752	0.012260627	0.011880377	0.013391627	0.012002252	0.011997377	0.012046127	0.010876127	0.009106502	0.007000501	0.004957876	0.002656876	5.80E-04	1.37E-04	2.93E-05	0	0	0	0	0	0	0	0	0
0.7	0	0	0	0	0	0	0	0	0	0	4.39E-05	4.78E-04	0.001716	0.002939626	0.005284501	0.008399626	0.009662252	0.011446502	0.011417252	0.012406877	0.013503752	0.012172877	0.010988252	0.010944377	0.008926126	0.006220501	0.002900626	0.001574625	6.29E-04	3.90E-05	1.02E-04	0	0	0	0	0	0	0	0	0
0.75	0	0	0	0	0	0	0	0	0	0	1.76E-04	4.49E-04	0.001964625	0.002335125	0.004499626	0.007137001	0.008350876	0.009077252	0.011592752	0.012007127	0.011212502	0.011202752	0.009184502	0.008448376	0.006703126	0.004606876	0.002759251	0.00182325	3.51E-04	2.05E-04	5.36E-05	0	0	0	0	0	0	0	0	0
0.8	0	0	0	0	0	0	0	0	4.88E-06	2.93E-05	1.02E-04	4.05E-04	0.00100425	0.002539876	0.003690376	0.005367376	0.008019376	0.009633002	0.008882251	0.010130252	0.009798752	0.010837127	0.009569627	0.009067502	0.007112626	0.003524626	0.002725126	8.73E-04	3.51E-04	6.34E-05	1.95E-05	0	0	0	0	0	0	0	0	0
0.85	0	0	0	0	0	0	0	0	0	2.93E-05	8.29E-05	1.80E-04	6.97E-04	0.001794	0.002915251	0.004080376	0.006703126	0.007726876	0.010188752	0.010461752	0.010642127	0.010110752	0.009360002	0.006903001	0.004875001	0.003027376	0.002023125	8.34E-04	3.07E-04	0	0	0	0	0	0	0	0	0	0	0
0.9	0	0	0	0	0	0	0	0	0	0	9.26E-05	1.85E-04	4.58E-04	0.00135525	0.003071251	0.003631876	0.006240001	0.006586126	0.006981001	0.009311252	0.008536126	0.008619001	0.008448376	0.005416126	0.004333876	0.002949376	0.001301625	4.92E-04	3.71E-04	0	0	0	0	0	0	0	0	0	0	0
0.95	0	0	0	0	0	0	0	0	0	0	5.36E-05	0	5.31E-04	0.00121875	0.001911	0.003670876	0.004538626	0.006737251	0.006829876	0.007975501	0.009213752	0.006610501	0.005479501	0.004792126	0.003417376	0.00229125	0.00117975	5.17E-04	4.39E-05	9.75E-06	6.34E-05	0	0	0	0	0	0	0	0	0
1	0	0	0	0	0	0	0	0	0	0	0	1.66E-04	2.78E-04	9.70E-04	0.00156	0.002934751	0.004441126	0.005206501	0.006010876	0.006591001	0.006971251	0.007151626	0.005152876	0.004085251	0.002944501	0.001677	0.001165125	2.10E-04	4.39E-05	5.36E-05	4.88E-05	0	0	0	0	0	0	0	0	0
1.05	0	0	0	0	0	0	0	0	0	0	0	8.78E-05	2.83E-04	0.0010725	0.0018915	0.002622751	0.003851251	0.004070626	0.005659876	0.005996251	0.005289376	0.004460626	0.003841501	0.003500251	0.002681251	0.00125775	8.04E-04	4.39E-04	8.29E-05	2.44E-05	0	0	0	0	0	0	0	0	0	0
1.1	0	0	0	0	0	0	0	0	0	0	0	7.31E-05	1.56E-04	2.78E-04	0.001053	0.00170625	0.002515501	0.003149251	0.004504501	0.004421626	0.004353376	0.004397251	0.00223275	0.002890876	0.001954875	7.75E-04	6.14E-04	2.10E-04	2.93E-05	1.95E-05	0	0	0	0	0	0	0	0	0	0
1.15	0	0	0	0	0	0	0	0	0	0	0	0	1.41E-04	1.41E-04	6.24E-04	0.001184625	0.00147225	0.003110251	0.002895751	0.002988376	0.002993251	0.003149251	0.002613001	0.00194025	0.001340625	5.75E-04	3.75E-04	2.00E-04	1.46E-05	2.44E-05	0	0	0	0	0	0	0	0	0	0
1.2	0	0	0	0	0	0	0	0	0	0	1.95E-05	0	6.34E-05	2.39E-04	5.07E-04	9.21E-04	0.00133575	0.002403375	0.0023595	0.002593501	0.002959126	0.002803126	0.00221325	0.001438125	9.95E-04	7.51E-04	1.80E-04	3.90E-05	0	0	6.34E-05	0	0	0	0	0	0	0	0	0
1.25	0	0	0	0	0	0	0	0	0	0	0	0	1.95E-05	1.56E-04	3.32E-04	6.44E-04	8.63E-04	0.001350375	0.001447875	0.00190125	0.001769625	0.001555125	0.001447875	0.001594125	0.0011115	4.73E-04	1.61E-04	1.22E-04	2.93E-05	0	0	0	0	0	0	0	0	0	0	0
1.3	0	0	0	0	0	0	0	0	0	0	0	0	0	9.75E-06	2.10E-04	4.29E-04	5.46E-04	9.46E-04	0.00127725	0.00151125	0.00141375	0.00102375	0.001174875	4.68E-04	3.27E-04	4.97E-04	2.10E-04	9.26E-05	0	0	0	0	0	0	0	0	0	0	0	0
1.35	0	0	0	0	0	0	0	0	0	0	0	0	0	1.46E-05	2.44E-04	3.36E-04	6.29E-04	6.05E-04	7.65E-04	7.65E-04	8.39E-04	8.58E-04	4.73E-04	5.22E-04	3.17E-04	2.39E-04	1.37E-04	8.29E-05	0	0	0	0	0	0	0	0	0	0	0	0
1.4	0	0	0	0	0	0	0	0	0	0	0	0	0	0	4.39E-05	3.02E-04	3.75E-04	4.05E-04	0.001053	5.07E-04	5.80E-04	6.68E-04	4.00E-04	2.54E-04	2.15E-04	1.22E-04	7.31E-05	0	0	0	0	0	0	0	0	0	0	0	0	0
1.45	0	0	0	0	0	0	0	0	0	0	0	0	1.02E-04	3.90E-05	0	9.75E-05	3.90E-05	2.29E-04	6.09E-04	4.83E-04	6.24E-04	4.58E-04	1.66E-04	2.15E-04	3.41E-05	1.12E-04	0	0	0	0	0	0	0	0	0	0	0	0	0	0
1.5	0	0	0	0	0	0	0	0	0	0	0	0	0	0	0	5.36E-05	2.00E-04	2.19E-04	3.02E-04	2.73E-04	1.85E-04	9.75E-05	2.05E-04	2.10E-04	3.41E-05	8.78E-05	3.90E-05	0	0	0	0	0	0	0	0	0	0	0	0	0
1.55	0	0	0	0	0	0	0	0	0	0	0	0	0	0	0	2.93E-05	1.46E-04	1.61E-04	2.34E-04	1.56E-04	2.15E-04	5.85E-05	2.93E-04	5.36E-05	1.46E-05	4.88E-06	0	0	0	0	0	0	0	0	0	0	0	0	0	0
1.6	0	0	0	0	0	0	0	0	0	0	0	0	0	0	3.90E-05	0	6.83E-05	9.26E-05	1.76E-04	8.78E-05	9.75E-05	1.56E-04	2.93E-05	1.22E-04	5.85E-05	1.95E-05	0	0	0	0	0	0	0	0	0	0	0	0	0	0
1.65	0	0	0	0	0	0	0	0	0	0	0	0	0	0	0	0	1.95E-05	1.22E-04	6.83E-05	3.41E-05	6.34E-05	1.46E-05	4.88E-06	1.95E-05	2.93E-05	0	0	0	0	0	0	0	0	0	0	0	0	0	0	0
1.7	0	0	0	0	0	0	0	0	0	0	0	0	0	0	0	0	1.95E-05	2.93E-05	9.75E-06	9.75E-06	4.88E-06	9.75E-06	0	0	5.85E-05	0	0	0	0	0	0	0	0	0	0	0	0	0	0	0
1.75	0	0	0	0	0	0	0	0	0	0	0	0	0	0	0	0	0	5.85E-05	4.88E-05	0	0	0	1.95E-05	0	0	0	0	0	0	0	0	0	0	0	0	0	0	0	0	0
1.8	0	0	0	0	0	0	0	0	0	0	0	0	0	0	0	0	0	0	0	0	0	0	0	0	0	0	0	0	0	0	0	0	0	0	0	0	0	0	0	0
1.85	0	0	0	0	0	0	0	0	0	0	0	0	0	0	0	0	0	0	2.44E-05	2.44E-05	0	7.31E-05	0	0	0	0	0	0	0	0	0	0	0	0	0	0	0	0	0	0
1.9	0	0	0	0	0	0	0	0	0	0	0	0	0	0	0	0	0	0	0	0	0	0	0	0	0	0	0	0	0	0	0	0	0	0	0	0	0	0	0	0
1.95	0	0	0	0	0	0	0	0	0	0	0	0	0	0	0	0	0	0	0	0	0	0	0	0	7.31E-05	0	0	0	0	0	0	0	0	0	0	0	0	0	0	0
