132-124 soft  S0=37.4MeV  L=105.5MeV

 v1
 ut0 p d 3He t
  0.125  0.066  0.010  0.113  0.007  0.155  0.011  0.184  0.008
  0.375  0.118  0.006  0.188  0.005  0.257  0.007  0.265  0.005
  0.625  0.128  0.006  0.236  0.005  0.306  0.009  0.332  0.006
  0.875  0.103  0.007  0.210  0.007  0.293  0.014  0.281  0.011
  1.125  0.075  0.007  0.213  0.010  0.244  0.026  0.268  0.020
  1.375  0.078  0.009  0.179  0.018  0.307  0.056  0.252  0.043
  1.625  0.107  0.012  0.273  0.034 -0.148  0.246  0.329  0.113
  1.875  0.104  0.019  0.299  0.083 -0.195  0.039  0.971  0.971

 v2
 ut0 p d 3He t
  0.125  0.009  0.010  0.017  0.007  0.041  0.011  0.036  0.008
  0.375  0.000  0.006  0.007  0.005  0.040  0.008  0.009  0.006
  0.625 -0.007  0.006 -0.019  0.005 -0.015  0.010 -0.002  0.007
  0.875 -0.012  0.007 -0.047  0.007 -0.017  0.016 -0.035  0.012
  1.125 -0.014  0.008 -0.055  0.011 -0.060  0.029 -0.045  0.023
  1.375 -0.024  0.009 -0.091  0.020 -0.015  0.062 -0.126  0.051
  1.625 -0.035  0.013 -0.052  0.038  0.009  0.256 -0.141  0.137
  1.875 -0.040  0.020 -0.213  0.101 -0.921  0.031  0.885  0.885

 v1
 yn p d 3He t
  2.000  0.240  0.066  0.000  0.000  0.000  0.000  0.000  0.000
  1.900  0.272  0.048  0.951  0.025  0.000  0.000  0.000  0.000
  1.800  0.289  0.035  0.680  0.080  0.000  0.000  0.000  0.000
  1.700  0.302  0.025  0.539  0.094  0.932  0.004  0.833  0.007
  1.600  0.298  0.019  0.524  0.042  0.810  0.074  0.358  0.188
  1.500  0.259  0.015  0.484  0.029  0.526  0.094  0.599  0.056
  1.400  0.253  0.012  0.506  0.018  0.609  0.043  0.606  0.031
  1.300  0.279  0.010  0.533  0.011  0.675  0.021  0.639  0.017
  1.200  0.286  0.008  0.516  0.008  0.706  0.010  0.652  0.009
  1.100  0.291  0.007  0.511  0.006  0.684  0.006  0.647  0.006
  1.000  0.291  0.006  0.489  0.005  0.646  0.005  0.611  0.004
  0.900  0.283  0.006  0.462  0.004  0.620  0.005  0.577  0.004
  0.800  0.253  0.006  0.432  0.004  0.562  0.005  0.542  0.004
  0.700  0.215  0.006  0.372  0.005  0.495  0.006  0.486  0.004
  0.600  0.175  0.006  0.306  0.005  0.421  0.007  0.407  0.005
  0.500  0.140  0.006  0.243  0.005  0.320  0.009  0.327  0.006
  0.400  0.095  0.006  0.173  0.005  0.198  0.010  0.227  0.007
  0.300  0.058  0.006  0.117  0.006  0.129  0.011  0.152  0.008
  0.200  0.031  0.006  0.070  0.006  0.075  0.012  0.083  0.008
  0.100  0.017  0.006  0.025  0.006  0.012  0.012  0.013  0.009
  0.000 -0.016  0.006 -0.011  0.006 -0.001  0.012 -0.018  0.009
 -0.100 -0.029  0.006 -0.050  0.006 -0.064  0.012 -0.058  0.009
 -0.200 -0.060  0.006 -0.097  0.006 -0.107  0.011 -0.093  0.008
 -0.300 -0.088  0.006 -0.145  0.006 -0.180  0.011 -0.163  0.008
 -0.400 -0.118  0.006 -0.198  0.006 -0.244  0.010 -0.246  0.007
 -0.500 -0.154  0.006 -0.255  0.005 -0.334  0.009 -0.339  0.006
 -0.600 -0.195  0.006 -0.318  0.005 -0.442  0.008 -0.426  0.005
 -0.700 -0.239  0.006 -0.404  0.005 -0.540  0.006 -0.525  0.004
 -0.800 -0.273  0.006 -0.444  0.005 -0.603  0.005 -0.581  0.004
 -0.900 -0.317  0.006 -0.483  0.005 -0.651  0.005 -0.631  0.004
 -1.000 -0.311  0.006 -0.508  0.005 -0.689  0.005 -0.652  0.005
 -1.100 -0.302  0.007 -0.524  0.006 -0.697  0.007 -0.675  0.006
 -1.200 -0.292  0.008 -0.542  0.009 -0.696  0.012 -0.684  0.010
 -1.300 -0.301  0.010 -0.504  0.013 -0.686  0.025 -0.631  0.019
 -1.400 -0.271  0.012 -0.492  0.020 -0.626  0.045 -0.656  0.033
 -1.500 -0.268  0.015 -0.505  0.033 -0.618  0.091 -0.570  0.074
 -1.600 -0.275  0.020 -0.548  0.051 -0.536  0.249 -0.405  0.189
 -1.700 -0.283  0.024 -0.338  0.080 -0.698  0.698 -0.765  0.765
 -1.800 -0.329  0.034 -0.445  0.192  0.000  0.000 -0.570  0.570
 -1.900 -0.276  0.046 -0.341  0.181  0.000  0.000  0.000  0.000
 -2.000 -0.313  0.067  0.622  0.622  0.000  0.000  0.000  0.000

 v2
 yn p d 3He t
  2.000 -0.033  0.070  0.000  0.000  0.000  0.000  0.000  0.000
  1.900  0.096  0.049  0.810  0.095  0.000  0.000  0.000  0.000
  1.800  0.016  0.037  0.092  0.191  0.000  0.000  0.000  0.000
  1.700  0.004  0.028  0.081  0.139  0.737  0.014  0.387  0.025
  1.600  0.029  0.021  0.067  0.057  0.356  0.226  0.105  0.217
  1.500  0.026  0.016  0.123  0.036  0.030  0.142  0.152  0.084
  1.400  0.044  0.013  0.113  0.023  0.181  0.064  0.180  0.044
  1.300  0.055  0.011  0.150  0.014  0.309  0.031  0.240  0.025
  1.200  0.043  0.009  0.108  0.010  0.315  0.016  0.248  0.013
  1.100  0.036  0.007  0.105  0.008  0.238  0.011  0.216  0.009
  1.000  0.041  0.007  0.097  0.006  0.201  0.009  0.164  0.007
  0.900  0.030  0.006  0.068  0.006  0.174  0.008  0.128  0.006
  0.800  0.021  0.006  0.051  0.005  0.128  0.007  0.104  0.005
  0.700  0.004  0.006  0.038  0.005  0.084  0.008  0.076  0.006
  0.600  0.007  0.006  0.018  0.005  0.066  0.009  0.054  0.006
  0.500 -0.003  0.006  0.003  0.006  0.041  0.010  0.030  0.007
  0.400 -0.011  0.006 -0.026  0.006 -0.004  0.011 -0.008  0.008
  0.300 -0.016  0.006 -0.032  0.006 -0.028  0.011 -0.040  0.008
  0.200 -0.016  0.006 -0.037  0.006 -0.017  0.012 -0.027  0.008
  0.100 -0.024  0.006 -0.041  0.006 -0.041  0.012 -0.047  0.009
  0.000 -0.029  0.006 -0.040  0.006 -0.028  0.012 -0.055  0.009
 -0.100 -0.012  0.006 -0.040  0.006 -0.042  0.012 -0.040  0.009
 -0.200 -0.019  0.006 -0.027  0.006 -0.030  0.012 -0.020  0.009
 -0.300 -0.012  0.006 -0.025  0.006 -0.016  0.011 -0.012  0.008
 -0.400 -0.013  0.006 -0.009  0.006  0.009  0.011 -0.007  0.008
 -0.500 -0.008  0.006  0.001  0.006  0.025  0.010  0.025  0.007
 -0.600  0.001  0.006  0.021  0.005  0.058  0.009  0.055  0.006
 -0.700  0.018  0.006  0.048  0.005  0.124  0.008  0.109  0.006
 -0.800  0.027  0.006  0.070  0.005  0.160  0.007  0.144  0.006
 -0.900  0.049  0.006  0.089  0.006  0.216  0.008  0.197  0.006
 -1.000  0.047  0.007  0.117  0.007  0.266  0.009  0.218  0.007
 -1.100  0.055  0.008  0.138  0.008  0.298  0.012  0.270  0.010
 -1.200  0.038  0.009  0.161  0.011  0.313  0.019  0.310  0.015
 -1.300  0.020  0.011  0.123  0.016  0.323  0.036  0.246  0.028
 -1.400  0.053  0.013  0.108  0.024  0.144  0.075  0.239  0.053
 -1.500  0.050  0.016  0.208  0.037  0.180  0.134  0.180  0.106
 -1.600  0.025  0.021  0.215  0.057 -0.177  0.460  0.039  0.231
 -1.700 -0.018  0.027 -0.062  0.092 -0.026  0.026  0.169  0.169
 -1.800  0.049  0.037  0.286  0.191  0.000  0.000 -0.349  0.349
 -1.900 -0.016  0.052 -0.506  0.279  0.000  0.000  0.000  0.000
 -2.000 -0.042  0.080 -0.227  0.227  0.000  0.000  0.000  0.000




132-124 soft  S0=32.9MeV  L=64.0MeV

 v1
 ut0 p d 3He t
  0.125  0.061  0.011  0.104  0.008  0.159  0.012  0.166  0.008
  0.375  0.114  0.007  0.193  0.005  0.255  0.008  0.252  0.006
  0.625  0.130  0.007  0.232  0.006  0.320  0.010  0.308  0.007
  0.875  0.110  0.007  0.216  0.007  0.297  0.016  0.273  0.011
  1.125  0.083  0.008  0.199  0.011  0.279  0.030  0.271  0.021
  1.375  0.071  0.010  0.238  0.019  0.347  0.067  0.280  0.047
  1.625  0.113  0.013  0.134  0.041  0.123  0.157  0.050  0.170
  1.875  0.129  0.021  0.226  0.113  0.667  0.189  0.000  0.000

 v2
 ut0 p d 3He t
  0.125  0.011  0.011 -0.001  0.008  0.037  0.012  0.026  0.008
  0.375 -0.004  0.007  0.017  0.005  0.025  0.009  0.020  0.006
  0.625 -0.007  0.007 -0.011  0.006  0.005  0.011 -0.004  0.008
  0.875 -0.013  0.007 -0.043  0.008 -0.014  0.018 -0.022  0.012
  1.125 -0.016  0.008 -0.050  0.012 -0.050  0.033 -0.077  0.024
  1.375 -0.025  0.010 -0.044  0.021  0.077  0.077 -0.095  0.053
  1.625 -0.045  0.014 -0.103  0.044 -0.179  0.151 -0.065  0.146
  1.875 -0.041  0.022 -0.289  0.123 -0.038  0.504  0.000  0.000

 v1
 yn p d 3He t
  2.000  0.255  0.076  0.848  0.848  0.000  0.000  0.000  0.000
  1.900  0.221  0.057 -0.060  0.837  0.000  0.000  0.000  0.000
  1.800  0.295  0.037  0.764  0.090  0.000  0.000  0.000  0.000
  1.700  0.293  0.026  0.506  0.109 -0.292  0.292  0.140  0.568
  1.600  0.260  0.021  0.485  0.050  0.658  0.203  0.494  0.146
  1.500  0.281  0.016  0.513  0.032  0.596  0.090  0.618  0.062
  1.400  0.285  0.013  0.500  0.019  0.642  0.046  0.546  0.038
  1.300  0.291  0.011  0.537  0.012  0.710  0.022  0.651  0.017
  1.200  0.289  0.009  0.530  0.008  0.707  0.011  0.671  0.009
  1.100  0.299  0.008  0.512  0.007  0.678  0.008  0.649  0.006
  1.000  0.305  0.007  0.492  0.006  0.642  0.006  0.610  0.005
  0.900  0.282  0.006  0.457  0.005  0.608  0.005  0.566  0.004
  0.800  0.256  0.006  0.431  0.005  0.570  0.006  0.536  0.004
  0.700  0.218  0.006  0.391  0.005  0.506  0.007  0.485  0.005
  0.600  0.182  0.006  0.315  0.005  0.414  0.008  0.410  0.006
  0.500  0.141  0.006  0.245  0.006  0.328  0.010  0.317  0.007
  0.400  0.091  0.006  0.180  0.006  0.217  0.011  0.205  0.008
  0.300  0.058  0.006  0.106  0.006  0.106  0.012  0.128  0.008
  0.200  0.039  0.006  0.075  0.007  0.082  0.013  0.060  0.009
  0.100  0.013  0.006  0.023  0.007  0.035  0.013  0.020  0.009
  0.000 -0.012  0.006 -0.012  0.007 -0.022  0.013 -0.008  0.009
 -0.100 -0.042  0.006 -0.058  0.007 -0.082  0.013 -0.073  0.009
 -0.200 -0.059  0.006 -0.084  0.006 -0.125  0.012 -0.088  0.009
 -0.300 -0.090  0.006 -0.138  0.006 -0.178  0.012 -0.161  0.008
 -0.400 -0.112  0.006 -0.193  0.006 -0.225  0.011 -0.237  0.008
 -0.500 -0.155  0.006 -0.253  0.006 -0.325  0.010 -0.336  0.007
 -0.600 -0.214  0.006 -0.320  0.005 -0.433  0.008 -0.431  0.006
 -0.700 -0.241  0.006 -0.406  0.005 -0.543  0.006 -0.514  0.005
 -0.800 -0.269  0.006 -0.441  0.005 -0.615  0.005 -0.582  0.004
 -0.900 -0.308  0.006 -0.486  0.005 -0.654  0.005 -0.627  0.004
 -1.000 -0.322  0.007 -0.514  0.006 -0.690  0.006 -0.650  0.005
 -1.100 -0.294  0.008 -0.548  0.007 -0.722  0.008 -0.684  0.007
 -1.200 -0.309  0.009 -0.557  0.009 -0.700  0.014 -0.691  0.011
 -1.300 -0.286  0.011 -0.532  0.014 -0.607  0.031 -0.663  0.022
 -1.400 -0.278  0.013 -0.523  0.020 -0.625  0.060 -0.647  0.036
 -1.500 -0.296  0.017 -0.496  0.034 -0.527  0.115 -0.541  0.089
 -1.600 -0.272  0.022 -0.516  0.057 -0.934  0.035 -0.352  0.211
 -1.700 -0.267  0.029 -0.452  0.084 -0.513  0.194 -0.333  0.373
 -1.800 -0.299  0.039 -0.320  0.225  0.000  0.000 -0.965  0.965
 -1.900 -0.416  0.046 -0.690  0.162  0.000  0.000  0.000  0.000
 -2.000 -0.329  0.073 -0.994  0.006  0.000  0.000  0.000  0.000

 v2
 yn p d 3He t
  2.000 -0.021  0.080  0.437  0.437  0.000  0.000  0.000  0.000
  1.900 -0.122  0.062  0.409  0.201  0.000  0.000  0.000  0.000
  1.800 -0.028  0.042  0.331  0.214  0.000  0.000  0.000  0.000
  1.700 -0.023  0.029  0.109  0.134 -0.829  0.829  0.328  0.326
  1.600  0.022  0.022  0.106  0.063  0.196  0.370 -0.040  0.202
  1.500  0.040  0.017  0.141  0.038 -0.014  0.175  0.194  0.084
  1.400  0.019  0.014  0.104  0.024  0.212  0.070  0.156  0.050
  1.300  0.044  0.011  0.160  0.016  0.316  0.034  0.262  0.025
  1.200  0.019  0.010  0.122  0.011  0.313  0.018  0.277  0.014
  1.100  0.046  0.008  0.111  0.008  0.250  0.012  0.219  0.010
  1.000  0.039  0.007  0.093  0.007  0.201  0.009  0.169  0.007
  0.900  0.029  0.007  0.063  0.006  0.156  0.008  0.118  0.006
  0.800  0.024  0.006  0.051  0.006  0.128  0.008  0.094  0.006
  0.700  0.001  0.006  0.047  0.006  0.099  0.008  0.075  0.006
  0.600  0.002  0.006  0.027  0.006  0.071  0.010  0.067  0.007
  0.500 -0.008  0.006  0.001  0.006  0.032  0.011  0.028  0.007
  0.400 -0.014  0.006 -0.022  0.006 -0.016  0.011 -0.026  0.008
  0.300 -0.014  0.006 -0.027  0.007 -0.018  0.012 -0.032  0.009
  0.200 -0.028  0.006 -0.025  0.007 -0.011  0.013 -0.020  0.009
  0.100 -0.026  0.006 -0.044  0.007 -0.028  0.014 -0.052  0.010
  0.000 -0.024  0.006 -0.043  0.007 -0.041  0.013 -0.042  0.010
 -0.100 -0.019  0.006 -0.035  0.007 -0.025  0.013 -0.032  0.010
 -0.200 -0.014  0.006 -0.044  0.007 -0.034  0.013 -0.029  0.009
 -0.300 -0.019  0.006 -0.023  0.007 -0.028  0.012 -0.022  0.009
 -0.400 -0.022  0.006 -0.012  0.006 -0.003  0.012 -0.008  0.008
 -0.500 -0.009  0.006  0.000  0.006  0.006  0.011  0.011  0.008
 -0.600  0.001  0.006  0.009  0.006  0.047  0.010  0.042  0.007
 -0.700  0.025  0.006  0.049  0.006  0.109  0.009  0.097  0.006
 -0.800  0.028  0.007  0.067  0.006  0.171  0.008  0.137  0.006
 -0.900  0.051  0.007  0.094  0.006  0.215  0.008  0.186  0.007
 -1.000  0.045  0.007  0.115  0.007  0.281  0.010  0.221  0.008
 -1.100  0.053  0.008  0.141  0.009  0.321  0.013  0.279  0.010
 -1.200  0.056  0.010  0.183  0.012  0.328  0.021  0.308  0.016
 -1.300  0.036  0.011  0.175  0.017  0.218  0.042  0.328  0.029
 -1.400  0.029  0.014  0.149  0.025  0.235  0.079  0.223  0.053
 -1.500  0.041  0.018  0.138  0.041  0.112  0.143  0.121  0.136
 -1.600  0.035  0.023  0.114  0.067  0.756  0.127  0.229  0.189
 -1.700  0.056  0.030  0.013  0.106 -0.399  0.399  0.059  0.125
 -1.800  0.076  0.042  0.119  0.250  0.000  0.000  0.863  0.863
 -1.900  0.019  0.056  0.057  0.399  0.000  0.000  0.000  0.000
 -2.000 -0.067  0.094  0.977  0.022  0.000  0.000  0.000  0.000



132-124 soft  S0=30.2MeV  L=38.7MeV

 v1
 ut0 p d 3He t
  0.125  0.095  0.010  0.136  0.007  0.186  0.011  0.194  0.007
  0.375  0.136  0.006  0.193  0.005  0.285  0.007  0.275  0.005
  0.625  0.137  0.006  0.231  0.005  0.335  0.009  0.325  0.006
  0.875  0.107  0.007  0.205  0.007  0.268  0.015  0.284  0.010
  1.125  0.084  0.007  0.213  0.010  0.258  0.029  0.270  0.020
  1.375  0.089  0.009  0.177  0.017  0.260  0.059  0.282  0.045
  1.625  0.105  0.012  0.278  0.034  0.301  0.134  0.351  0.094
  1.875  0.148  0.018  0.361  0.091  0.000  0.000 -0.512  0.512

 v2
 ut0 p d 3He t
  0.125  0.006  0.010  0.011  0.007  0.031  0.011  0.020  0.008
  0.375  0.006  0.006  0.018  0.005  0.039  0.008  0.022  0.006
  0.625  0.003  0.006  0.003  0.005  0.007  0.010 -0.005  0.007
  0.875 -0.017  0.007 -0.037  0.007 -0.049  0.017 -0.044  0.011
  1.125 -0.014  0.008 -0.063  0.011 -0.009  0.032 -0.078  0.022
  1.375 -0.026  0.009 -0.123  0.019 -0.119  0.071 -0.057  0.048
  1.625 -0.023  0.012 -0.150  0.038 -0.169  0.163 -0.385  0.139
  1.875 -0.058  0.019 -0.161  0.118  0.000  0.000 -0.476  0.476

 v1
 yn p d 3He t
  2.000  0.281  0.068  1.000  1.000  0.000  0.000  0.000  0.000
  1.900  0.303  0.047  0.745  0.228  0.000  0.000  0.000  0.000
  1.800  0.330  0.033  0.209  0.222  0.000  0.000  0.054  0.054
  1.700  0.285  0.026  0.713  0.085  0.937  0.063  0.000  0.000
  1.600  0.295  0.020  0.487  0.048  0.430  0.230  0.566  0.141
  1.500  0.278  0.015  0.495  0.029  0.653  0.099  0.588  0.066
  1.400  0.253  0.012  0.497  0.018  0.646  0.050  0.623  0.029
  1.300  0.281  0.010  0.525  0.011  0.689  0.020  0.637  0.015
  1.200  0.304  0.008  0.521  0.008  0.698  0.011  0.661  0.008
  1.100  0.292  0.007  0.499  0.006  0.665  0.007  0.633  0.006
  1.000  0.300  0.006  0.474  0.005  0.637  0.006  0.594  0.005
  0.900  0.288  0.006  0.453  0.005  0.592  0.005  0.573  0.004
  0.800  0.263  0.006  0.420  0.004  0.571  0.005  0.534  0.004
  0.700  0.232  0.005  0.382  0.005  0.506  0.006  0.484  0.004
  0.600  0.190  0.006  0.314  0.005  0.428  0.007  0.409  0.005
  0.500  0.135  0.006  0.249  0.005  0.337  0.009  0.330  0.006
  0.400  0.113  0.006  0.181  0.006  0.227  0.010  0.232  0.007
  0.300  0.070  0.006  0.119  0.006  0.139  0.011  0.161  0.008
  0.200  0.044  0.006  0.065  0.006  0.091  0.012  0.065  0.008
  0.100  0.012  0.006  0.012  0.006  0.018  0.012  0.028  0.009
  0.000 -0.016  0.006 -0.016  0.006 -0.021  0.012 -0.021  0.009
 -0.100 -0.040  0.006 -0.046  0.006 -0.066  0.012 -0.065  0.008
 -0.200 -0.068  0.006 -0.095  0.006 -0.129  0.011 -0.107  0.008
 -0.300 -0.094  0.006 -0.132  0.006 -0.165  0.011 -0.164  0.008
 -0.400 -0.117  0.006 -0.196  0.006 -0.251  0.010 -0.242  0.007
 -0.500 -0.162  0.006 -0.256  0.005 -0.342  0.009 -0.337  0.006
 -0.600 -0.211  0.006 -0.346  0.005 -0.439  0.008 -0.427  0.005
 -0.700 -0.254  0.006 -0.409  0.005 -0.552  0.006 -0.524  0.004
 -0.800 -0.290  0.006 -0.451  0.004 -0.605  0.005 -0.582  0.004
 -0.900 -0.315  0.006 -0.491  0.005 -0.653  0.005 -0.622  0.004
 -1.000 -0.322  0.006 -0.522  0.005 -0.678  0.005 -0.647  0.005
 -1.100 -0.323  0.007 -0.538  0.006 -0.713  0.007 -0.680  0.006
 -1.200 -0.315  0.008 -0.533  0.009 -0.702  0.012 -0.663  0.010
 -1.300 -0.294  0.010 -0.520  0.012 -0.649  0.026 -0.659  0.017
 -1.400 -0.285  0.012 -0.536  0.018 -0.558  0.057 -0.634  0.038
 -1.500 -0.253  0.016 -0.537  0.030 -0.693  0.103 -0.542  0.064
 -1.600 -0.256  0.019 -0.510  0.055 -0.635  0.200 -0.880  0.040
 -1.700 -0.302  0.024 -0.458  0.087  0.000  0.000 -0.839  0.839
 -1.800 -0.306  0.033 -0.458  0.210  0.000  0.000  0.000  0.000
 -1.900 -0.323  0.041 -0.173  0.173 -0.685  0.685  0.000  0.000
 -2.000 -0.357  0.065 -0.969  0.969  0.000  0.000  0.000  0.000

 v2
 yn p d 3He t
  2.000 -0.021  0.076  1.000  1.000  0.000  0.000  0.000  0.000
  1.900  0.003  0.051  0.213  0.680  0.000  0.000  0.000  0.000
  1.800 -0.020  0.036 -0.222  0.279  0.000  0.000 -0.994  0.994
  1.700  0.025  0.028  0.374  0.120  0.763  0.236  0.000  0.000
  1.600  0.078  0.021  0.126  0.060 -0.100  0.137  0.160  0.197
  1.500  0.003  0.016  0.126  0.037  0.186  0.183  0.150  0.098
  1.400  0.014  0.013  0.136  0.022  0.292  0.070  0.224  0.041
  1.300  0.037  0.010  0.140  0.014  0.327  0.030  0.249  0.022
  1.200  0.050  0.009  0.125  0.010  0.305  0.017  0.257  0.012
  1.100  0.038  0.008  0.113  0.008  0.244  0.011  0.192  0.009
  1.000  0.032  0.007  0.085  0.006  0.197  0.009  0.154  0.007
  0.900  0.030  0.006  0.071  0.006  0.152  0.007  0.137  0.006
  0.800  0.024  0.006  0.050  0.005  0.132  0.007  0.103  0.005
  0.700  0.003  0.006  0.043  0.005  0.098  0.008  0.076  0.006
  0.600  0.004  0.006  0.023  0.005  0.055  0.009  0.039  0.006
  0.500 -0.006  0.006 -0.001  0.006  0.032  0.010  0.022  0.007
  0.400 -0.007  0.006 -0.004  0.006  0.021  0.011 -0.002  0.007
  0.300 -0.014  0.006 -0.022  0.006 -0.022  0.011 -0.019  0.008
  0.200 -0.025  0.006 -0.037  0.006 -0.023  0.012 -0.035  0.009
  0.100 -0.031  0.006 -0.050  0.006 -0.060  0.012 -0.034  0.009
  0.000 -0.024  0.006 -0.044  0.006 -0.051  0.012 -0.046  0.009
 -0.100 -0.035  0.006 -0.047  0.006 -0.048  0.012 -0.030  0.009
 -0.200 -0.027  0.006 -0.040  0.006 -0.036  0.012 -0.013  0.009
 -0.300 -0.019  0.006 -0.035  0.006 -0.031  0.012 -0.019  0.008
 -0.400 -0.008  0.006 -0.012  0.006  0.001  0.011 -0.004  0.008
 -0.500 -0.006  0.006  0.002  0.006  0.033  0.010  0.032  0.007
 -0.600  0.008  0.006  0.034  0.006  0.074  0.009  0.054  0.007
 -0.700  0.020  0.006  0.054  0.005  0.118  0.008  0.113  0.006
 -0.800  0.027  0.006  0.064  0.006  0.162  0.007  0.145  0.006
 -0.900  0.059  0.006  0.102  0.006  0.223  0.007  0.184  0.006
 -1.000  0.043  0.007  0.121  0.007  0.243  0.009  0.217  0.007
 -1.100  0.061  0.008  0.138  0.008  0.311  0.012  0.266  0.009
 -1.200  0.053  0.009  0.155  0.011  0.320  0.020  0.278  0.015
 -1.300  0.033  0.011  0.153  0.016  0.268  0.038  0.239  0.027
 -1.400  0.030  0.013  0.129  0.024  0.112  0.084  0.283  0.053
 -1.500  0.047  0.016  0.161  0.038  0.322  0.141  0.100  0.086
 -1.600  0.054  0.020  0.191  0.067  0.286  0.237  0.589  0.122
 -1.700  0.007  0.027  0.052  0.113  0.000  0.000  0.407  0.407
 -1.800  0.009  0.036  0.302  0.210  0.000  0.000  0.000  0.000
 -1.900 -0.096  0.050 -0.940  0.940 -0.062  0.062  0.000  0.000
 -2.000 -0.075  0.080  0.877  0.877  0.000  0.000  0.000  0.000


132-124 stiff  S0=37.4MeV  L=105.5MeV

 v1
 ut0 p d 3He t
  0.125  0.069  0.024  0.134  0.017  0.199  0.025  0.201  0.018
  0.375  0.127  0.015  0.217  0.012  0.325  0.017  0.297  0.012
  0.625  0.119  0.015  0.260  0.012  0.350  0.019  0.341  0.014
  0.875  0.108  0.016  0.242  0.016  0.312  0.031  0.309  0.024
  1.125  0.076  0.019  0.198  0.025  0.274  0.068  0.261  0.044
  1.375  0.081  0.022  0.210  0.042  0.540  0.091  0.103  0.110
  1.625  0.087  0.030  0.235  0.091  0.063  0.838  0.553  0.201
  1.875  0.086  0.042  0.130  0.301  0.000  0.000  0.000  0.000


 v1
 yn p d 3He t
  2.000  0.475  0.173  0.000  0.000  0.000  0.000  0.000  0.000
  1.900  0.276  0.130  0.000  0.000  0.000  0.000  0.000  0.000
  1.800  0.371  0.085  0.977  0.004  0.000  0.000  0.000  0.000
  1.700  0.382  0.052  0.482  0.213  0.000  0.000  0.000  0.000
  1.600  0.290  0.046  0.582  0.109  0.000  0.000  0.977  0.012
  1.500  0.236  0.035  0.628  0.054  0.577  0.301  0.864  0.058
  1.400  0.297  0.027  0.552  0.037  0.555  0.105  0.595  0.087
  1.300  0.271  0.025  0.566  0.026  0.739  0.036  0.683  0.030
  1.200  0.286  0.020  0.549  0.018  0.701  0.021  0.685  0.018
  1.100  0.305  0.018  0.517  0.015  0.697  0.015  0.643  0.014
  1.000  0.279  0.016  0.478  0.013  0.666  0.013  0.608  0.011
  0.900  0.279  0.014  0.463  0.012  0.638  0.012  0.583  0.010
  0.800  0.255  0.014  0.438  0.011  0.576  0.012  0.574  0.010
  0.700  0.241  0.014  0.395  0.011  0.557  0.013  0.522  0.010
  0.600  0.180  0.014  0.316  0.012  0.452  0.016  0.457  0.012
  0.500  0.125  0.014  0.282  0.013  0.327  0.021  0.344  0.014
  0.400  0.095  0.014  0.194  0.013  0.309  0.022  0.224  0.017
  0.300  0.071  0.014  0.141  0.014  0.202  0.024  0.180  0.019
  0.200  0.034  0.014  0.097  0.015  0.085  0.026  0.101  0.019
  0.100  0.034  0.014  0.048  0.014  0.011  0.027  0.037  0.020
  0.000  0.009  0.014 -0.011  0.014 -0.031  0.027 -0.019  0.020
 -0.100 -0.035  0.014 -0.068  0.015 -0.095  0.027 -0.078  0.020
 -0.200 -0.075  0.014 -0.095  0.014 -0.107  0.026 -0.098  0.020
 -0.300 -0.100  0.014 -0.142  0.014 -0.167  0.024 -0.149  0.018
 -0.400 -0.161  0.014 -0.226  0.013 -0.276  0.023 -0.276  0.016
 -0.500 -0.162  0.014 -0.282  0.013 -0.419  0.020 -0.362  0.015
 -0.600 -0.230  0.014 -0.361  0.012 -0.487  0.017 -0.483  0.012
 -0.700 -0.250  0.014 -0.436  0.011 -0.593  0.013 -0.577  0.010
 -0.800 -0.273  0.014 -0.452  0.012 -0.630  0.012 -0.603  0.010
 -0.900 -0.313  0.015 -0.487  0.012 -0.661  0.012 -0.642  0.010
 -1.000 -0.336  0.016 -0.517  0.013 -0.694  0.013 -0.670  0.011
 -1.100 -0.331  0.017 -0.542  0.015 -0.715  0.017 -0.680  0.014
 -1.200 -0.313  0.020 -0.574  0.020 -0.775  0.021 -0.701  0.018
 -1.300 -0.290  0.024 -0.581  0.027 -0.760  0.039 -0.755  0.030
 -1.400 -0.315  0.030 -0.513  0.047 -0.847  0.043 -0.621  0.091
 -1.500 -0.291  0.036 -0.558  0.070 -0.868  0.039 -0.523  0.093
 -1.600 -0.286  0.045 -0.372  0.169 -0.660  0.660 -0.701  0.701
 -1.700 -0.254  0.069 -0.378  0.224  0.000  0.000  0.000  0.000
 -1.800 -0.341  0.081 -0.435  0.435  0.000  0.000  0.000  0.000
 -1.900 -0.353  0.111 -0.719  0.272  0.000  0.000  0.000  0.000
 -2.000  0.085  0.167  0.000  0.000  0.000  0.000  0.000  0.000



108-112 soft  S0=37.4MeV  L=105.5MeV

 v1
 ut0 p d 3He t
  0.125  0.081  0.022  0.157  0.019  0.221  0.027  0.183  0.022
  0.375  0.164  0.014  0.214  0.013  0.258  0.018  0.283  0.015
  0.625  0.126  0.014  0.241  0.014  0.343  0.020  0.352  0.018
  0.875  0.132  0.015  0.238  0.018  0.263  0.034  0.311  0.029
  1.125  0.110  0.017  0.287  0.027  0.355  0.060  0.241  0.058
  1.375  0.151  0.020  0.227  0.047  0.526  0.088  0.268  0.124
  1.625  0.118  0.027  0.112  0.093  0.586  0.055  0.113  0.394
  1.875  0.182  0.042  0.284  0.272  0.000  0.000  0.000  0.000


 v1
 yn p d 3He t
  2.000 -0.058  0.293  0.000  0.000  0.000  0.000  0.000  0.000
  1.900  0.109  0.137  0.000  0.000  0.000  0.000  0.000  0.000
  1.800  0.503  0.077  0.745  0.240  0.000  0.000  0.000  0.000
  1.700  0.436  0.068  0.951  0.025  0.000  0.000  0.000  0.000
  1.600  0.347  0.050  0.288  0.241  0.171  0.171  0.000  0.000
  1.500  0.207  0.036  0.370  0.104  0.451  0.499  0.841  0.144
  1.400  0.294  0.029  0.469  0.073  0.606  0.120  0.627  0.148
  1.300  0.311  0.023  0.519  0.037  0.623  0.078  0.782  0.053
  1.200  0.273  0.019  0.503  0.025  0.684  0.031  0.740  0.029
  1.100  0.328  0.016  0.509  0.018  0.706  0.018  0.725  0.017
  1.000  0.315  0.014  0.501  0.014  0.634  0.015  0.654  0.013
  0.900  0.311  0.013  0.461  0.012  0.602  0.012  0.588  0.012
  0.800  0.277  0.012  0.452  0.011  0.553  0.012  0.545  0.011
  0.700  0.267  0.012  0.409  0.011  0.536  0.013  0.527  0.011
  0.600  0.206  0.012  0.344  0.012  0.470  0.016  0.478  0.014
  0.500  0.166  0.012  0.284  0.013  0.343  0.020  0.365  0.017
  0.400  0.128  0.013  0.228  0.014  0.263  0.023  0.262  0.019
  0.300  0.109  0.013  0.145  0.015  0.165  0.025  0.145  0.022
  0.200  0.064  0.013  0.081  0.016  0.147  0.027  0.081  0.024
  0.100  0.023  0.013  0.057  0.016  0.067  0.028  0.084  0.025
  0.000 -0.002  0.013  0.007  0.017  0.012  0.029 -0.019  0.026
 -0.100 -0.045  0.013 -0.031  0.016 -0.041  0.027 -0.048  0.024
 -0.200 -0.018  0.013 -0.064  0.015 -0.075  0.027 -0.058  0.024
 -0.300 -0.075  0.013 -0.106  0.015 -0.153  0.025 -0.139  0.022
 -0.400 -0.119  0.013 -0.193  0.014 -0.255  0.023 -0.288  0.019
 -0.500 -0.142  0.013 -0.287  0.013 -0.385  0.019 -0.315  0.017
 -0.600 -0.199  0.012 -0.319  0.012 -0.431  0.017 -0.457  0.013
 -0.700 -0.233  0.012 -0.413  0.011 -0.549  0.012 -0.526  0.011
 -0.800 -0.281  0.012 -0.457  0.011 -0.579  0.012 -0.579  0.010
 -0.900 -0.280  0.013 -0.489  0.011 -0.625  0.011 -0.608  0.011
 -1.000 -0.330  0.014 -0.501  0.013 -0.643  0.014 -0.650  0.013
 -1.100 -0.288  0.016 -0.496  0.018 -0.681  0.019 -0.666  0.017
 -1.200 -0.288  0.019 -0.527  0.024 -0.697  0.034 -0.668  0.031
 -1.300 -0.291  0.023 -0.501  0.039 -0.549  0.079 -0.693  0.056
 -1.400 -0.264  0.030 -0.299  0.079 -0.518  0.154 -0.486  0.207
 -1.500 -0.292  0.039 -0.422  0.115 -0.759  0.169  0.039  0.614
 -1.600 -0.248  0.048 -0.575  0.150  0.000  0.000  0.000  0.000
 -1.700 -0.402  0.058 -0.572  0.215  0.055  0.664  0.000  0.000
 -1.800 -0.313  0.093 -0.982  0.017  0.000  0.000  0.000  0.000
 -1.900 -0.293  0.151  0.000  0.000  0.000  0.000  0.000  0.000
 -2.000 -0.486  0.136  0.000  0.000  0.000  0.000  0.000  0.000



108-112 stiff  S0=37.4MeV  L=105.5MeV

 v1
 ut0 p d 3He t
  0.125  0.096  0.023  0.163  0.019  0.159  0.025  0.202  0.021
  0.375  0.120  0.015  0.223  0.013  0.295  0.017  0.303  0.015
  0.625  0.150  0.014  0.275  0.013  0.372  0.018  0.406  0.016
  0.875  0.134  0.015  0.277  0.018  0.311  0.030  0.318  0.028
  1.125  0.115  0.017  0.215  0.026  0.350  0.053  0.304  0.051
  1.375  0.109  0.020  0.233  0.043  0.546  0.110  0.458  0.102
  1.625  0.133  0.027  0.453  0.083 -0.080  0.531  0.301  0.529
  1.875  0.127  0.039  0.415  0.125  0.000  0.000  0.000  0.000

 v1
 yn p d 3He t
  2.000  0.647  0.203  0.000  0.000  0.000  0.000  0.000  0.000
  1.900  0.294  0.147  0.000  0.000  0.000  0.000  0.000  0.000
  1.800  0.313  0.103  0.000  0.000  0.000  0.000  0.000  0.000
  1.700  0.318  0.063  0.997  0.997  0.000  0.000  0.000  0.000
  1.600  0.392  0.049  0.505  0.205  0.839  0.839  0.000  0.000
  1.500  0.347  0.035  0.532  0.112  0.680  0.147  0.993  0.993
  1.400  0.372  0.028  0.538  0.061  0.653  0.139  0.625  0.155
  1.300  0.297  0.022  0.593  0.032  0.709  0.040  0.706  0.057
  1.200  0.337  0.019  0.541  0.023  0.767  0.021  0.699  0.025
  1.100  0.340  0.016  0.584  0.016  0.704  0.016  0.686  0.016
  1.000  0.310  0.014  0.504  0.014  0.635  0.014  0.657  0.013
  0.900  0.296  0.014  0.466  0.013  0.609  0.013  0.600  0.012
  0.800  0.281  0.013  0.485  0.012  0.578  0.011  0.596  0.011
  0.700  0.253  0.013  0.419  0.012  0.563  0.012  0.562  0.011
  0.600  0.227  0.012  0.381  0.012  0.483  0.015  0.523  0.012
  0.500  0.168  0.013  0.309  0.013  0.354  0.018  0.400  0.016
  0.400  0.124  0.013  0.234  0.014  0.277  0.021  0.287  0.018
  0.300  0.089  0.013  0.154  0.015  0.205  0.024  0.176  0.021
  0.200  0.053  0.013  0.131  0.015  0.103  0.025  0.114  0.023
  0.100  0.013  0.013  0.060  0.015  0.054  0.027  0.045  0.022
  0.000  0.013  0.013 -0.004  0.015  0.011  0.027  0.003  0.022
 -0.100 -0.027  0.013 -0.037  0.016 -0.051  0.027 -0.023  0.023
 -0.200 -0.061  0.013 -0.113  0.015 -0.137  0.025 -0.106  0.022
 -0.300 -0.086  0.013 -0.172  0.015 -0.171  0.025 -0.178  0.020
 -0.400 -0.128  0.013 -0.205  0.014 -0.263  0.021 -0.269  0.018
 -0.500 -0.169  0.013 -0.287  0.013 -0.391  0.018 -0.397  0.015
 -0.600 -0.234  0.013 -0.334  0.012 -0.488  0.014 -0.512  0.012
 -0.700 -0.270  0.013 -0.406  0.012 -0.571  0.012 -0.559  0.011
 -0.800 -0.264  0.013 -0.450  0.012 -0.601  0.011 -0.588  0.010
 -0.900 -0.315  0.013 -0.488  0.012 -0.610  0.012 -0.630  0.010
 -1.000 -0.318  0.014 -0.529  0.013 -0.689  0.013 -0.653  0.012
 -1.100 -0.294  0.017 -0.532  0.016 -0.712  0.016 -0.665  0.017
 -1.200 -0.342  0.019 -0.524  0.023 -0.759  0.026 -0.704  0.026
 -1.300 -0.341  0.023 -0.572  0.034 -0.698  0.064 -0.651  0.066
 -1.400 -0.265  0.030 -0.657  0.050 -0.794  0.090 -0.725  0.194
 -1.500 -0.357  0.039 -0.552  0.109 -0.290  0.427 -0.882  0.108
 -1.600 -0.268  0.051 -0.570  0.167 -0.995  0.995  0.000  0.000
 -1.700 -0.359  0.066 -0.388  0.255  0.000  0.000  0.000  0.000
 -1.800 -0.439  0.108  0.000  0.000  0.000  0.000  0.000  0.000
 -1.900 -0.546  0.144  0.000  0.000  0.000  0.000  0.000  0.000
 -2.000 -0.402  0.189  0.000  0.000  0.000  0.000  0.000  0.000

