
132-124 stiff  S0=37.4MeV  L=105.5MeV

 v1
 ut0 p d 3He t
  0.125  0.069  0.024  0.134  0.017  0.199  0.025  0.201  0.018
  0.375  0.127  0.015  0.217  0.012  0.325  0.017  0.297  0.012
  0.625  0.119  0.015  0.260  0.012  0.350  0.019  0.341  0.014
  0.875  0.108  0.016  0.242  0.016  0.312  0.031  0.309  0.024
  1.125  0.076  0.019  0.198  0.025  0.274  0.068  0.261  0.044
  1.375  0.081  0.022  0.210  0.042  0.540  0.091  0.103  0.110
  1.625  0.087  0.030  0.235  0.091  0.063  0.838  0.553  0.201
  1.875  0.086  0.042  0.130  0.301  0.000  0.000  0.000  0.000

