132-124 soft

v1
ut0 p d 3He t
  0.125  0.061  0.025    0.133  0.017  0.176  0.026  0.191  0.018
  0.375  0.123  0.015    0.193  0.012  0.246  0.018  0.264  0.013
  0.625  0.139  0.015    0.228  0.012  0.284  0.022  0.334  0.016
  0.875  0.089  0.016    0.185  0.017  0.279  0.036  0.263  0.028
  1.125  0.068  0.019    0.199  0.025  0.246  0.061  0.300  0.048
  1.375  0.073  0.023    0.141  0.048  0.342  0.144  0.192  0.115
  1.625  0.114  0.032    0.330  0.089  0.333  0.333  0.426  0.013
  1.875  0.083  0.049    0.271  0.148 -0.235  0.235  0.000  0.000

