132-124 soft  S0=32.9MeV  L=64.0MeV

 v1
 ut0 p d 3He t
  0.125  0.061  0.011  0.104  0.008  0.159  0.012  0.166  0.008
  0.375  0.114  0.007  0.193  0.005  0.255  0.008  0.252  0.006
  0.625  0.130  0.007  0.232  0.006  0.320  0.010  0.308  0.007
  0.875  0.110  0.007  0.216  0.007  0.297  0.016  0.273  0.011
  1.125  0.083  0.008  0.199  0.011  0.279  0.030  0.271  0.021
  1.375  0.071  0.010  0.238  0.019  0.347  0.067  0.280  0.047
  1.625  0.113  0.013  0.134  0.041  0.123  0.157  0.050  0.170
  1.875  0.129  0.021  0.226  0.113  0.667  0.189  0.000  0.000
