132-124 soft  S0=30.2MeV  L=38.7MeV

 v1
 ut0 p d 3He t
  0.125  0.095  0.010  0.136  0.007  0.186  0.011  0.194  0.007
  0.375  0.136  0.006  0.193  0.005  0.285  0.007  0.275  0.005
  0.625  0.137  0.006  0.231  0.005  0.335  0.009  0.325  0.006
  0.875  0.107  0.007  0.205  0.007  0.268  0.015  0.284  0.010
  1.125  0.084  0.007  0.213  0.010  0.258  0.029  0.270  0.020
  1.375  0.089  0.009  0.177  0.017  0.260  0.059  0.282  0.045
  1.625  0.105  0.012  0.278  0.034  0.301  0.134  0.351  0.094
  1.875  0.148  0.018  0.361  0.091  0.000  0.000 -0.512  0.512

