108-112 stiff  S0=37.4MeV  L=105.5MeV

 v1
 ut0 p d 3He t
  0.125  0.096  0.023  0.163  0.019  0.159  0.025  0.202  0.021
  0.375  0.120  0.015  0.223  0.013  0.295  0.017  0.303  0.015
  0.625  0.150  0.014  0.275  0.013  0.372  0.018  0.406  0.016
  0.875  0.134  0.015  0.277  0.018  0.311  0.030  0.318  0.028
  1.125  0.115  0.017  0.215  0.026  0.350  0.053  0.304  0.051
  1.375  0.109  0.020  0.233  0.043  0.546  0.110  0.458  0.102
  1.625  0.133  0.027  0.453  0.083 -0.080  0.531  0.301  0.529
  1.875  0.127  0.039  0.415  0.125  0.000  0.000  0.000  0.000
