 v1
 ut0 p d 3He t
  0.125  0.081  0.022  0.157  0.019  0.221  0.027  0.183  0.022
  0.375  0.164  0.014  0.214  0.013  0.258  0.018  0.283  0.015
  0.625  0.126  0.014  0.241  0.014  0.343  0.020  0.352  0.018
  0.875  0.132  0.015  0.238  0.018  0.263  0.034  0.311  0.029
  1.125  0.110  0.017  0.287  0.027  0.355  0.060  0.241  0.058
  1.375  0.151  0.020  0.227  0.047  0.526  0.088  0.268  0.124
  1.625  0.118  0.027  0.112  0.093  0.586  0.055  0.113  0.394
  1.875  0.182  0.042  0.284  0.272  0.000  0.000  0.000  0.000

