v1
ut0 p d 3He t
  0.125  0.090  0.022    0.167  0.018  0.228  0.026  0.196  0.021
  0.375  0.166  0.014    0.223  0.013  0.271  0.018  0.296  0.015
  0.625  0.129  0.014    0.245  0.013  0.352  0.020  0.357  0.018
  0.875  0.135  0.015    0.241  0.018  0.276  0.034  0.305  0.029
  1.125  0.112  0.017    0.291  0.027  0.361  0.059  0.247  0.058
  1.375  0.151  0.020    0.229  0.047  0.514  0.086  0.251  0.125
  1.625  0.122  0.027    0.112  0.092  0.586  0.055  0.113  0.394
  1.875  0.187  0.042    0.284  0.272  0.000  0.000  0.000  0.000

