 v1
 ut0 p d 3He t
  0.125  0.066  0.010  0.113  0.007  0.155  0.011  0.184  0.008
  0.375  0.118  0.006  0.188  0.005  0.257  0.007  0.265  0.005
  0.625  0.128  0.006  0.236  0.005  0.306  0.009  0.332  0.006
  0.875  0.103  0.007  0.210  0.007  0.293  0.014  0.281  0.011
  1.125  0.075  0.007  0.213  0.010  0.244  0.026  0.268  0.020
  1.375  0.078  0.009  0.179  0.018  0.307  0.056  0.252  0.043
  1.625  0.107  0.012  0.273  0.034 -0.148  0.246  0.329  0.113
  1.875  0.104  0.019  0.299  0.083 -0.195  0.039  0.971  0.971

