v1
ut0 p d 3He t
  0.125  0.064  0.025    0.128  0.018  0.188  0.026  0.198  0.018
  0.375  0.120  0.016    0.207  0.012  0.308  0.017  0.286  0.013
  0.625  0.110  0.015    0.252  0.012  0.338  0.020  0.331  0.015
  0.875  0.102  0.016    0.237  0.016  0.300  0.031  0.288  0.024
  1.125  0.074  0.019    0.195  0.025  0.267  0.068  0.244  0.045
  1.375  0.085  0.022    0.201  0.042  0.532  0.094  0.110  0.105
  1.625  0.091  0.030    0.266  0.091  0.063  0.838  0.553  0.201
  1.875  0.069  0.043    0.489  0.511  0.000  0.000  0.000  0.000

