v1
yn p d 3He t
  2.000    0.112  0.185   0.000  0.000  0.000  0.000  0.000  0.000
  1.900    0.305  0.116   0.000  0.000  0.000  0.000  0.000  0.000
  1.800    0.237  0.082   0.504  0.244  0.000  0.000  0.000  0.000
  1.700    0.250  0.065   0.143  0.309  0.000  0.000  0.000  0.000
  1.600    0.301  0.051   0.575  0.080  0.000  0.000  0.861  0.068
  1.500    0.205  0.037   0.507  0.064  0.443  0.472  0.477  0.188
  1.400    0.243  0.029   0.462  0.049  0.700  0.068  0.610  0.100
  1.300    0.235  0.024   0.549  0.026  0.634  0.051  0.672  0.036
  1.200    0.257  0.021   0.539  0.018  0.700  0.026  0.632  0.023
  1.100    0.283  0.017   0.529  0.014  0.680  0.016  0.638  0.014
  1.000    0.287  0.015   0.473  0.013  0.644  0.013  0.591  0.011
  0.900    0.272  0.014   0.472  0.011  0.624  0.012  0.591  0.009
  0.800    0.238  0.014   0.441  0.011  0.547  0.013  0.549  0.010
  0.700    0.215  0.014   0.373  0.011  0.510  0.015  0.494  0.011
  0.600    0.179  0.013   0.321  0.012  0.467  0.016  0.412  0.013
  0.500    0.128  0.014   0.222  0.013  0.304  0.020  0.310  0.015
  0.400    0.104  0.014   0.211  0.013  0.193  0.024  0.229  0.017
  0.300    0.071  0.014   0.118  0.014  0.122  0.027  0.189  0.019
  0.200    0.039  0.014   0.062  0.014  0.051  0.029  0.098  0.021
  0.100    0.024  0.014   0.004  0.015 -0.029  0.028  0.040  0.021
  0.000    0.003  0.014  -0.038  0.015 -0.018  0.031 -0.024  0.021
 -0.100   -0.015  0.014  -0.052  0.015 -0.045  0.029 -0.082  0.021
 -0.200   -0.040  0.014  -0.103  0.014 -0.132  0.028 -0.090  0.020
 -0.300   -0.084  0.014  -0.160  0.014 -0.204  0.025 -0.158  0.020
 -0.400   -0.108  0.014  -0.187  0.014 -0.276  0.025 -0.246  0.017
 -0.500   -0.143  0.014  -0.239  0.013 -0.347  0.022 -0.333  0.016
 -0.600   -0.190  0.014  -0.317  0.012 -0.465  0.018 -0.421  0.013
 -0.700   -0.238  0.014  -0.417  0.011 -0.551  0.015 -0.537  0.011
 -0.800   -0.273  0.014  -0.462  0.011 -0.614  0.012 -0.595  0.009
 -0.900   -0.316  0.014  -0.489  0.011 -0.629  0.012 -0.628  0.009
 -1.000   -0.314  0.016  -0.497  0.013 -0.697  0.013 -0.656  0.011
 -1.100   -0.309  0.017  -0.514  0.016 -0.693  0.018 -0.664  0.016
 -1.200   -0.267  0.021  -0.513  0.021 -0.649  0.034 -0.690  0.026
 -1.300   -0.296  0.024  -0.477  0.033 -0.640  0.076 -0.670  0.046
 -1.400   -0.234  0.030  -0.477  0.050 -0.598  0.116 -0.678  0.080
 -1.500   -0.327  0.039  -0.597  0.061 -0.696  0.144 -0.582  0.196
 -1.600   -0.294  0.048  -0.685  0.090 -0.476  0.419  0.998  0.998
 -1.700   -0.284  0.055  -0.394  0.143  0.000  0.000 -0.765  0.765
 -1.800   -0.272  0.086  -0.775  0.211  0.000  0.000  0.000  0.000
 -1.900   -0.191  0.110   0.000  0.000  0.000  0.000  0.000  0.000
 -2.000   -0.379  0.156   0.000  0.000  0.000  0.000  0.000  0.000
EOF
