
v1
 v1
 yn p d 3He t
  2.000  0.255  0.076  0.848  0.848  0.000  0.000  0.000  0.000
  1.900  0.221  0.057 -0.060  0.837  0.000  0.000  0.000  0.000
  1.800  0.295  0.037  0.764  0.090  0.000  0.000  0.000  0.000
  1.700  0.293  0.026  0.506  0.109 -0.292  0.292  0.140  0.568
  1.600  0.260  0.021  0.485  0.050  0.658  0.203  0.494  0.146
  1.500  0.281  0.016  0.513  0.032  0.596  0.090  0.618  0.062
  1.400  0.285  0.013  0.500  0.019  0.642  0.046  0.546  0.038
  1.300  0.291  0.011  0.537  0.012  0.710  0.022  0.651  0.017
  1.200  0.289  0.009  0.530  0.008  0.707  0.011  0.671  0.009
  1.100  0.299  0.008  0.512  0.007  0.678  0.008  0.649  0.006
  1.000  0.305  0.007  0.492  0.006  0.642  0.006  0.610  0.005
  0.900  0.282  0.006  0.457  0.005  0.608  0.005  0.566  0.004
  0.800  0.256  0.006  0.431  0.005  0.570  0.006  0.536  0.004
  0.700  0.218  0.006  0.391  0.005  0.506  0.007  0.485  0.005
  0.600  0.182  0.006  0.315  0.005  0.414  0.008  0.410  0.006
  0.500  0.141  0.006  0.245  0.006  0.328  0.010  0.317  0.007
  0.400  0.091  0.006  0.180  0.006  0.217  0.011  0.205  0.008
  0.300  0.058  0.006  0.106  0.006  0.106  0.012  0.128  0.008
  0.200  0.039  0.006  0.075  0.007  0.082  0.013  0.060  0.009
  0.100  0.013  0.006  0.023  0.007  0.035  0.013  0.020  0.009
  0.000 -0.012  0.006 -0.012  0.007 -0.022  0.013 -0.008  0.009
 -0.100 -0.042  0.006 -0.058  0.007 -0.082  0.013 -0.073  0.009
 -0.200 -0.059  0.006 -0.084  0.006 -0.125  0.012 -0.088  0.009
 -0.300 -0.090  0.006 -0.138  0.006 -0.178  0.012 -0.161  0.008
 -0.400 -0.112  0.006 -0.193  0.006 -0.225  0.011 -0.237  0.008
 -0.500 -0.155  0.006 -0.253  0.006 -0.325  0.010 -0.336  0.007
 -0.600 -0.214  0.006 -0.320  0.005 -0.433  0.008 -0.431  0.006
 -0.700 -0.241  0.006 -0.406  0.005 -0.543  0.006 -0.514  0.005
 -0.800 -0.269  0.006 -0.441  0.005 -0.615  0.005 -0.582  0.004
 -0.900 -0.308  0.006 -0.486  0.005 -0.654  0.005 -0.627  0.004
 -1.000 -0.322  0.007 -0.514  0.006 -0.690  0.006 -0.650  0.005
 -1.100 -0.294  0.008 -0.548  0.007 -0.722  0.008 -0.684  0.007
 -1.200 -0.309  0.009 -0.557  0.009 -0.700  0.014 -0.691  0.011
 -1.300 -0.286  0.011 -0.532  0.014 -0.607  0.031 -0.663  0.022
 -1.400 -0.278  0.013 -0.523  0.020 -0.625  0.060 -0.647  0.036
 -1.500 -0.296  0.017 -0.496  0.034 -0.527  0.115 -0.541  0.089
 -1.600 -0.272  0.022 -0.516  0.057 -0.934  0.035 -0.352  0.211
 -1.700 -0.267  0.029 -0.452  0.084 -0.513  0.194 -0.333  0.373
 -1.800 -0.299  0.039 -0.320  0.225  0.000  0.000 -0.965  0.965
 -1.900 -0.416  0.046 -0.690  0.162  0.000  0.000  0.000  0.000
 -2.000 -0.329  0.073 -0.994  0.006  0.000  0.000  0.000  0.000

