 v1
 yn p d 3He t
  2.000  0.475  0.173  0.000  0.000  0.000  0.000  0.000  0.000
  1.900  0.276  0.130  0.000  0.000  0.000  0.000  0.000  0.000
  1.800  0.371  0.085  0.977  0.004  0.000  0.000  0.000  0.000
  1.700  0.382  0.052  0.482  0.213  0.000  0.000  0.000  0.000
  1.600  0.290  0.046  0.582  0.109  0.000  0.000  0.977  0.012
  1.500  0.236  0.035  0.628  0.054  0.577  0.301  0.864  0.058
  1.400  0.297  0.027  0.552  0.037  0.555  0.105  0.595  0.087
  1.300  0.271  0.025  0.566  0.026  0.739  0.036  0.683  0.030
  1.200  0.286  0.020  0.549  0.018  0.701  0.021  0.685  0.018
  1.100  0.305  0.018  0.517  0.015  0.697  0.015  0.643  0.014
  1.000  0.279  0.016  0.478  0.013  0.666  0.013  0.608  0.011
  0.900  0.279  0.014  0.463  0.012  0.638  0.012  0.583  0.010
  0.800  0.255  0.014  0.438  0.011  0.576  0.012  0.574  0.010
  0.700  0.241  0.014  0.395  0.011  0.557  0.013  0.522  0.010
  0.600  0.180  0.014  0.316  0.012  0.452  0.016  0.457  0.012
  0.500  0.125  0.014  0.282  0.013  0.327  0.021  0.344  0.014
  0.400  0.095  0.014  0.194  0.013  0.309  0.022  0.224  0.017
  0.300  0.071  0.014  0.141  0.014  0.202  0.024  0.180  0.019
  0.200  0.034  0.014  0.097  0.015  0.085  0.026  0.101  0.019
  0.100  0.034  0.014  0.048  0.014  0.011  0.027  0.037  0.020
  0.000  0.009  0.014 -0.011  0.014 -0.031  0.027 -0.019  0.020
 -0.100 -0.035  0.014 -0.068  0.015 -0.095  0.027 -0.078  0.020
 -0.200 -0.075  0.014 -0.095  0.014 -0.107  0.026 -0.098  0.020
 -0.300 -0.100  0.014 -0.142  0.014 -0.167  0.024 -0.149  0.018
 -0.400 -0.161  0.014 -0.226  0.013 -0.276  0.023 -0.276  0.016
 -0.500 -0.162  0.014 -0.282  0.013 -0.419  0.020 -0.362  0.015
 -0.600 -0.230  0.014 -0.361  0.012 -0.487  0.017 -0.483  0.012
 -0.700 -0.250  0.014 -0.436  0.011 -0.593  0.013 -0.577  0.010
 -0.800 -0.273  0.014 -0.452  0.012 -0.630  0.012 -0.603  0.010
 -0.900 -0.313  0.015 -0.487  0.012 -0.661  0.012 -0.642  0.010
 -1.000 -0.336  0.016 -0.517  0.013 -0.694  0.013 -0.670  0.011
 -1.100 -0.331  0.017 -0.542  0.015 -0.715  0.017 -0.680  0.014
 -1.200 -0.313  0.020 -0.574  0.020 -0.775  0.021 -0.701  0.018
 -1.300 -0.290  0.024 -0.581  0.027 -0.760  0.039 -0.755  0.030
 -1.400 -0.315  0.030 -0.513  0.047 -0.847  0.043 -0.621  0.091
 -1.500 -0.291  0.036 -0.558  0.070 -0.868  0.039 -0.523  0.093
 -1.600 -0.286  0.045 -0.372  0.169 -0.660  0.660 -0.701  0.701
 -1.700 -0.254  0.069 -0.378  0.224  0.000  0.000  0.000  0.000
 -1.800 -0.341  0.081 -0.435  0.435  0.000  0.000  0.000  0.000
 -1.900 -0.353  0.111 -0.719  0.272  0.000  0.000  0.000  0.000
 -2.000  0.085  0.167  0.000  0.000  0.000  0.000  0.000  0.000
