 v1
 yn p d 3He t
  2.000  0.281  0.068  1.000  1.000  0.000  0.000  0.000  0.000
  1.900  0.303  0.047  0.745  0.228  0.000  0.000  0.000  0.000
  1.800  0.330  0.033  0.209  0.222  0.000  0.000  0.054  0.054
  1.700  0.285  0.026  0.713  0.085  0.937  0.063  0.000  0.000
  1.600  0.295  0.020  0.487  0.048  0.430  0.230  0.566  0.141
  1.500  0.278  0.015  0.495  0.029  0.653  0.099  0.588  0.066
  1.400  0.253  0.012  0.497  0.018  0.646  0.050  0.623  0.029
  1.300  0.281  0.010  0.525  0.011  0.689  0.020  0.637  0.015
  1.200  0.304  0.008  0.521  0.008  0.698  0.011  0.661  0.008
  1.100  0.292  0.007  0.499  0.006  0.665  0.007  0.633  0.006
  1.000  0.300  0.006  0.474  0.005  0.637  0.006  0.594  0.005
  0.900  0.288  0.006  0.453  0.005  0.592  0.005  0.573  0.004
  0.800  0.263  0.006  0.420  0.004  0.571  0.005  0.534  0.004
  0.700  0.232  0.005  0.382  0.005  0.506  0.006  0.484  0.004
  0.600  0.190  0.006  0.314  0.005  0.428  0.007  0.409  0.005
  0.500  0.135  0.006  0.249  0.005  0.337  0.009  0.330  0.006
  0.400  0.113  0.006  0.181  0.006  0.227  0.010  0.232  0.007
  0.300  0.070  0.006  0.119  0.006  0.139  0.011  0.161  0.008
  0.200  0.044  0.006  0.065  0.006  0.091  0.012  0.065  0.008
  0.100  0.012  0.006  0.012  0.006  0.018  0.012  0.028  0.009
  0.000 -0.016  0.006 -0.016  0.006 -0.021  0.012 -0.021  0.009
 -0.100 -0.040  0.006 -0.046  0.006 -0.066  0.012 -0.065  0.008
 -0.200 -0.068  0.006 -0.095  0.006 -0.129  0.011 -0.107  0.008
 -0.300 -0.094  0.006 -0.132  0.006 -0.165  0.011 -0.164  0.008
 -0.400 -0.117  0.006 -0.196  0.006 -0.251  0.010 -0.242  0.007
 -0.500 -0.162  0.006 -0.256  0.005 -0.342  0.009 -0.337  0.006
 -0.600 -0.211  0.006 -0.346  0.005 -0.439  0.008 -0.427  0.005
 -0.700 -0.254  0.006 -0.409  0.005 -0.552  0.006 -0.524  0.004
 -0.800 -0.290  0.006 -0.451  0.004 -0.605  0.005 -0.582  0.004
 -0.900 -0.315  0.006 -0.491  0.005 -0.653  0.005 -0.622  0.004
 -1.000 -0.322  0.006 -0.522  0.005 -0.678  0.005 -0.647  0.005
 -1.100 -0.323  0.007 -0.538  0.006 -0.713  0.007 -0.680  0.006
 -1.200 -0.315  0.008 -0.533  0.009 -0.702  0.012 -0.663  0.010
 -1.300 -0.294  0.010 -0.520  0.012 -0.649  0.026 -0.659  0.017
 -1.400 -0.285  0.012 -0.536  0.018 -0.558  0.057 -0.634  0.038
 -1.500 -0.253  0.016 -0.537  0.030 -0.693  0.103 -0.542  0.064
 -1.600 -0.256  0.019 -0.510  0.055 -0.635  0.200 -0.880  0.040
 -1.700 -0.302  0.024 -0.458  0.087  0.000  0.000 -0.839  0.839
 -1.800 -0.306  0.033 -0.458  0.210  0.000  0.000  0.000  0.000
 -1.900 -0.323  0.041 -0.173  0.173 -0.685  0.685  0.000  0.000
 -2.000 -0.357  0.065 -0.969  0.969  0.000  0.000  0.000  0.000
