v1
yn p d 3He t
  2.000  -0.058  0.293   0.000  0.000  0.000  0.000  0.000  0.000
  1.900   0.109  0.137   0.000  0.000  0.000  0.000  0.000  0.000
  1.800   0.503  0.077   0.745  0.240  0.000  0.000  0.000  0.000
  1.700   0.436  0.068   0.951  0.025  0.000  0.000  0.000  0.000
  1.600   0.347  0.050   0.288  0.241  0.171  0.171  0.000  0.000
  1.500   0.207  0.036   0.370  0.104  0.451  0.499  0.841  0.144
  1.400   0.294  0.029   0.469  0.073  0.606  0.120  0.627  0.148
  1.300   0.311  0.023   0.519  0.037  0.623  0.078  0.782  0.053
  1.200   0.273  0.019   0.503  0.025  0.684  0.031  0.740  0.029
  1.100   0.328  0.016   0.509  0.018  0.706  0.018  0.725  0.017
  1.000   0.315  0.014   0.501  0.014  0.634  0.015  0.654  0.013
  0.900   0.311  0.013   0.461  0.012  0.602  0.012  0.588  0.012
  0.800   0.277  0.012   0.452  0.011  0.553  0.012  0.545  0.011
  0.700   0.267  0.012   0.409  0.011  0.536  0.013  0.527  0.011
  0.600   0.206  0.012   0.344  0.012  0.470  0.016  0.478  0.014
  0.500   0.166  0.012   0.284  0.013  0.343  0.020  0.365  0.017
  0.400   0.128  0.013   0.228  0.014  0.263  0.023  0.262  0.019
  0.300   0.109  0.013   0.145  0.015  0.165  0.025  0.145  0.022
  0.200   0.064  0.013   0.081  0.016  0.147  0.027  0.081  0.024
  0.100   0.023  0.013   0.057  0.016  0.067  0.028  0.084  0.025
  0.000  -0.002  0.013   0.007  0.017  0.012  0.029 -0.019  0.026
 -0.100  -0.045  0.013  -0.031  0.016 -0.041  0.027 -0.048  0.024
 -0.200  -0.018  0.013  -0.064  0.015 -0.075  0.027 -0.058  0.024
 -0.300  -0.075  0.013  -0.106  0.015 -0.153  0.025 -0.139  0.022
 -0.400  -0.119  0.013  -0.193  0.014 -0.255  0.023 -0.288  0.019
 -0.500  -0.142  0.013  -0.287  0.013 -0.385  0.019 -0.315  0.017
 -0.600  -0.199  0.012  -0.319  0.012 -0.431  0.017 -0.457  0.013
 -0.700  -0.233  0.012  -0.413  0.011 -0.549  0.012 -0.526  0.011
 -0.800  -0.281  0.012  -0.457  0.011 -0.579  0.012 -0.579  0.010
 -0.900  -0.280  0.013  -0.489  0.011 -0.625  0.011 -0.608  0.011
 -1.000  -0.330  0.014  -0.501  0.013 -0.643  0.014 -0.650  0.013
 -1.100  -0.288  0.016  -0.496  0.018 -0.681  0.019 -0.666  0.017
 -1.200  -0.288  0.019  -0.527  0.024 -0.697  0.034 -0.668  0.031
 -1.300  -0.291  0.023  -0.501  0.039 -0.549  0.079 -0.693  0.056
 -1.400  -0.264  0.030  -0.299  0.079 -0.518  0.154 -0.486  0.207
 -1.500  -0.292  0.039  -0.422  0.115 -0.759  0.169  0.039  0.614
 -1.600  -0.248  0.048  -0.575  0.150  0.000  0.000  0.000  0.000
 -1.700  -0.402  0.058  -0.572  0.215  0.055  0.664  0.000  0.000
 -1.800  -0.313  0.093  -0.982  0.017  0.000  0.000  0.000  0.000
 -1.900  -0.293  0.151   0.000  0.000  0.000  0.000  0.000  0.000
 -2.000  -0.486  0.136   0.000  0.000  0.000  0.000  0.000  0.000

