 v1
 yn p d 3He t
  2.000  0.240  0.066  0.000  0.000  0.000  0.000  0.000  0.000
  1.900  0.272  0.048  0.951  0.025  0.000  0.000  0.000  0.000
  1.800  0.289  0.035  0.680  0.080  0.000  0.000  0.000  0.000
  1.700  0.302  0.025  0.539  0.094  0.932  0.004  0.833  0.007
  1.600  0.298  0.019  0.524  0.042  0.810  0.074  0.358  0.188
  1.500  0.259  0.015  0.484  0.029  0.526  0.094  0.599  0.056
  1.400  0.253  0.012  0.506  0.018  0.609  0.043  0.606  0.031
  1.300  0.279  0.010  0.533  0.011  0.675  0.021  0.639  0.017
  1.200  0.286  0.008  0.516  0.008  0.706  0.010  0.652  0.009
  1.100  0.291  0.007  0.511  0.006  0.684  0.006  0.647  0.006
  1.000  0.291  0.006  0.489  0.005  0.646  0.005  0.611  0.004
  0.900  0.283  0.006  0.462  0.004  0.620  0.005  0.577  0.004
  0.800  0.253  0.006  0.432  0.004  0.562  0.005  0.542  0.004
  0.700  0.215  0.006  0.372  0.005  0.495  0.006  0.486  0.004
  0.600  0.175  0.006  0.306  0.005  0.421  0.007  0.407  0.005
  0.500  0.140  0.006  0.243  0.005  0.320  0.009  0.327  0.006
  0.400  0.095  0.006  0.173  0.005  0.198  0.010  0.227  0.007
  0.300  0.058  0.006  0.117  0.006  0.129  0.011  0.152  0.008
  0.200  0.031  0.006  0.070  0.006  0.075  0.012  0.083  0.008
  0.100  0.017  0.006  0.025  0.006  0.012  0.012  0.013  0.009
  0.000 -0.016  0.006 -0.011  0.006 -0.001  0.012 -0.018  0.009
 -0.100 -0.029  0.006 -0.050  0.006 -0.064  0.012 -0.058  0.009
 -0.200 -0.060  0.006 -0.097  0.006 -0.107  0.011 -0.093  0.008
 -0.300 -0.088  0.006 -0.145  0.006 -0.180  0.011 -0.163  0.008
 -0.400 -0.118  0.006 -0.198  0.006 -0.244  0.010 -0.246  0.007
 -0.500 -0.154  0.006 -0.255  0.005 -0.334  0.009 -0.339  0.006
 -0.600 -0.195  0.006 -0.318  0.005 -0.442  0.008 -0.426  0.005
 -0.700 -0.239  0.006 -0.404  0.005 -0.540  0.006 -0.525  0.004
 -0.800 -0.273  0.006 -0.444  0.005 -0.603  0.005 -0.581  0.004
 -0.900 -0.317  0.006 -0.483  0.005 -0.651  0.005 -0.631  0.004
 -1.000 -0.311  0.006 -0.508  0.005 -0.689  0.005 -0.652  0.005
 -1.100 -0.302  0.007 -0.524  0.006 -0.697  0.007 -0.675  0.006
 -1.200 -0.292  0.008 -0.542  0.009 -0.696  0.012 -0.684  0.010
 -1.300 -0.301  0.010 -0.504  0.013 -0.686  0.025 -0.631  0.019
 -1.400 -0.271  0.012 -0.492  0.020 -0.626  0.045 -0.656  0.033
 -1.500 -0.268  0.015 -0.505  0.033 -0.618  0.091 -0.570  0.074
 -1.600 -0.275  0.020 -0.548  0.051 -0.536  0.249 -0.405  0.189
 -1.700 -0.283  0.024 -0.338  0.080 -0.698  0.698 -0.765  0.765
 -1.800 -0.329  0.034 -0.445  0.192  0.000  0.000 -0.570  0.570
 -1.900 -0.276  0.046 -0.341  0.181  0.000  0.000  0.000  0.000
 -2.000 -0.313  0.067  0.622  0.622  0.000  0.000  0.000  0.000

