 v1
 yn p d 3He t
  2.000  0.647  0.203  0.000  0.000  0.000  0.000  0.000  0.000
  1.900  0.294  0.147  0.000  0.000  0.000  0.000  0.000  0.000
  1.800  0.313  0.103  0.000  0.000  0.000  0.000  0.000  0.000
  1.700  0.318  0.063  0.997  0.997  0.000  0.000  0.000  0.000
  1.600  0.392  0.049  0.505  0.205  0.839  0.839  0.000  0.000
  1.500  0.347  0.035  0.532  0.112  0.680  0.147  0.993  0.993
  1.400  0.372  0.028  0.538  0.061  0.653  0.139  0.625  0.155
  1.300  0.297  0.022  0.593  0.032  0.709  0.040  0.706  0.057
  1.200  0.337  0.019  0.541  0.023  0.767  0.021  0.699  0.025
  1.100  0.340  0.016  0.584  0.016  0.704  0.016  0.686  0.016
  1.000  0.310  0.014  0.504  0.014  0.635  0.014  0.657  0.013
  0.900  0.296  0.014  0.466  0.013  0.609  0.013  0.600  0.012
  0.800  0.281  0.013  0.485  0.012  0.578  0.011  0.596  0.011
  0.700  0.253  0.013  0.419  0.012  0.563  0.012  0.562  0.011
  0.600  0.227  0.012  0.381  0.012  0.483  0.015  0.523  0.012
  0.500  0.168  0.013  0.309  0.013  0.354  0.018  0.400  0.016
  0.400  0.124  0.013  0.234  0.014  0.277  0.021  0.287  0.018
  0.300  0.089  0.013  0.154  0.015  0.205  0.024  0.176  0.021
  0.200  0.053  0.013  0.131  0.015  0.103  0.025  0.114  0.023
  0.100  0.013  0.013  0.060  0.015  0.054  0.027  0.045  0.022
  0.000  0.013  0.013 -0.004  0.015  0.011  0.027  0.003  0.022
 -0.100 -0.027  0.013 -0.037  0.016 -0.051  0.027 -0.023  0.023
 -0.200 -0.061  0.013 -0.113  0.015 -0.137  0.025 -0.106  0.022
 -0.300 -0.086  0.013 -0.172  0.015 -0.171  0.025 -0.178  0.020
 -0.400 -0.128  0.013 -0.205  0.014 -0.263  0.021 -0.269  0.018
 -0.500 -0.169  0.013 -0.287  0.013 -0.391  0.018 -0.397  0.015
 -0.600 -0.234  0.013 -0.334  0.012 -0.488  0.014 -0.512  0.012
 -0.700 -0.270  0.013 -0.406  0.012 -0.571  0.012 -0.559  0.011
 -0.800 -0.264  0.013 -0.450  0.012 -0.601  0.011 -0.588  0.010
 -0.900 -0.315  0.013 -0.488  0.012 -0.610  0.012 -0.630  0.010
 -1.000 -0.318  0.014 -0.529  0.013 -0.689  0.013 -0.653  0.012
 -1.100 -0.294  0.017 -0.532  0.016 -0.712  0.016 -0.665  0.017
 -1.200 -0.342  0.019 -0.524  0.023 -0.759  0.026 -0.704  0.026
 -1.300 -0.341  0.023 -0.572  0.034 -0.698  0.064 -0.651  0.066
 -1.400 -0.265  0.030 -0.657  0.050 -0.794  0.090 -0.725  0.194
 -1.500 -0.357  0.039 -0.552  0.109 -0.290  0.427 -0.882  0.108
 -1.600 -0.268  0.051 -0.570  0.167 -0.995  0.995  0.000  0.000
 -1.700 -0.359  0.066 -0.388  0.255  0.000  0.000  0.000  0.000
 -1.800 -0.439  0.108  0.000  0.000  0.000  0.000  0.000  0.000
 -1.900 -0.546  0.144  0.000  0.000  0.000  0.000  0.000  0.000
 -2.000 -0.402  0.189  0.000  0.000  0.000  0.000  0.000  0.000
