v2
 ut0 p d 3He t
  0.125  0.006  0.010  0.011  0.007  0.031  0.011  0.020  0.008
  0.375  0.006  0.006  0.018  0.005  0.039  0.008  0.022  0.006
  0.625  0.003  0.006  0.003  0.005  0.007  0.010 -0.005  0.007
  0.875 -0.017  0.007 -0.037  0.007 -0.049  0.017 -0.044  0.011
  1.125 -0.014  0.008 -0.063  0.011 -0.009  0.032 -0.078  0.022
  1.375 -0.026  0.009 -0.123  0.019 -0.119  0.071 -0.057  0.048
  1.625 -0.023  0.012 -0.150  0.038 -0.169  0.163 -0.385  0.139
  1.875 -0.058  0.019 -0.161  0.118  0.000  0.000 -0.476  0.476

