 v2
 ut0 p d 3He t
  0.125  0.009  0.010  0.017  0.007  0.041  0.011  0.036  0.008
  0.375  0.000  0.006  0.007  0.005  0.040  0.008  0.009  0.006
  0.625 -0.007  0.006 -0.019  0.005 -0.015  0.010 -0.002  0.007
  0.875 -0.012  0.007 -0.047  0.007 -0.017  0.016 -0.035  0.012
  1.125 -0.014  0.008 -0.055  0.011 -0.060  0.029 -0.045  0.023
  1.375 -0.024  0.009 -0.091  0.020 -0.015  0.062 -0.126  0.051
  1.625 -0.035  0.013 -0.052  0.038  0.009  0.256 -0.141  0.137
  1.875 -0.040  0.020 -0.213  0.101 -0.921  0.031  0.885  0.885

