 v2
 ut0 p d 3He t
  0.125  0.011  0.011 -0.001  0.008  0.037  0.012  0.026  0.008
  0.375 -0.004  0.007  0.017  0.005  0.025  0.009  0.020  0.006
  0.625 -0.007  0.007 -0.011  0.006  0.005  0.011 -0.004  0.008
  0.875 -0.013  0.007 -0.043  0.008 -0.014  0.018 -0.022  0.012
  1.125 -0.016  0.008 -0.050  0.012 -0.050  0.033 -0.077  0.024
  1.375 -0.025  0.010 -0.044  0.021  0.077  0.077 -0.095  0.053
  1.625 -0.045  0.014 -0.103  0.044 -0.179  0.151 -0.065  0.146
  1.875 -0.041  0.022 -0.289  0.123 -0.038  0.504  0.000  0.000
