 v2
 yn p d 3He t
  2.000 -0.021  0.076  1.000  1.000  0.000  0.000  0.000  0.000
  1.900  0.003  0.051  0.213  0.680  0.000  0.000  0.000  0.000
  1.800 -0.020  0.036 -0.222  0.279  0.000  0.000 -0.994  0.994
  1.700  0.025  0.028  0.374  0.120  0.763  0.236  0.000  0.000
  1.600  0.078  0.021  0.126  0.060 -0.100  0.137  0.160  0.197
  1.500  0.003  0.016  0.126  0.037  0.186  0.183  0.150  0.098
  1.400  0.014  0.013  0.136  0.022  0.292  0.070  0.224  0.041
  1.300  0.037  0.010  0.140  0.014  0.327  0.030  0.249  0.022
  1.200  0.050  0.009  0.125  0.010  0.305  0.017  0.257  0.012
  1.100  0.038  0.008  0.113  0.008  0.244  0.011  0.192  0.009
  1.000  0.032  0.007  0.085  0.006  0.197  0.009  0.154  0.007
  0.900  0.030  0.006  0.071  0.006  0.152  0.007  0.137  0.006
  0.800  0.024  0.006  0.050  0.005  0.132  0.007  0.103  0.005
  0.700  0.003  0.006  0.043  0.005  0.098  0.008  0.076  0.006
  0.600  0.004  0.006  0.023  0.005  0.055  0.009  0.039  0.006
  0.500 -0.006  0.006 -0.001  0.006  0.032  0.010  0.022  0.007
  0.400 -0.007  0.006 -0.004  0.006  0.021  0.011 -0.002  0.007
  0.300 -0.014  0.006 -0.022  0.006 -0.022  0.011 -0.019  0.008
  0.200 -0.025  0.006 -0.037  0.006 -0.023  0.012 -0.035  0.009
  0.100 -0.031  0.006 -0.050  0.006 -0.060  0.012 -0.034  0.009
  0.000 -0.024  0.006 -0.044  0.006 -0.051  0.012 -0.046  0.009
 -0.100 -0.035  0.006 -0.047  0.006 -0.048  0.012 -0.030  0.009
 -0.200 -0.027  0.006 -0.040  0.006 -0.036  0.012 -0.013  0.009
 -0.300 -0.019  0.006 -0.035  0.006 -0.031  0.012 -0.019  0.008
 -0.400 -0.008  0.006 -0.012  0.006  0.001  0.011 -0.004  0.008
 -0.500 -0.006  0.006  0.002  0.006  0.033  0.010  0.032  0.007
 -0.600  0.008  0.006  0.034  0.006  0.074  0.009  0.054  0.007
 -0.700  0.020  0.006  0.054  0.005  0.118  0.008  0.113  0.006
 -0.800  0.027  0.006  0.064  0.006  0.162  0.007  0.145  0.006
 -0.900  0.059  0.006  0.102  0.006  0.223  0.007  0.184  0.006
 -1.000  0.043  0.007  0.121  0.007  0.243  0.009  0.217  0.007
 -1.100  0.061  0.008  0.138  0.008  0.311  0.012  0.266  0.009
 -1.200  0.053  0.009  0.155  0.011  0.320  0.020  0.278  0.015
 -1.300  0.033  0.011  0.153  0.016  0.268  0.038  0.239  0.027
 -1.400  0.030  0.013  0.129  0.024  0.112  0.084  0.283  0.053
 -1.500  0.047  0.016  0.161  0.038  0.322  0.141  0.100  0.086
 -1.600  0.054  0.020  0.191  0.067  0.286  0.237  0.589  0.122
 -1.700  0.007  0.027  0.052  0.113  0.000  0.000  0.407  0.407
 -1.800  0.009  0.036  0.302  0.210  0.000  0.000  0.000  0.000
 -1.900 -0.096  0.050 -0.940  0.940 -0.062  0.062  0.000  0.000
 -2.000 -0.075  0.080  0.877  0.877  0.000  0.000  0.000  0.000

