 v2
 yn p d 3He t
  2.000 -0.021  0.080  0.437  0.437  0.000  0.000  0.000  0.000
  1.900 -0.122  0.062  0.409  0.201  0.000  0.000  0.000  0.000
  1.800 -0.028  0.042  0.331  0.214  0.000  0.000  0.000  0.000
  1.700 -0.023  0.029  0.109  0.134 -0.829  0.829  0.328  0.326
  1.600  0.022  0.022  0.106  0.063  0.196  0.370 -0.040  0.202
  1.500  0.040  0.017  0.141  0.038 -0.014  0.175  0.194  0.084
  1.400  0.019  0.014  0.104  0.024  0.212  0.070  0.156  0.050
  1.300  0.044  0.011  0.160  0.016  0.316  0.034  0.262  0.025
  1.200  0.019  0.010  0.122  0.011  0.313  0.018  0.277  0.014
  1.100  0.046  0.008  0.111  0.008  0.250  0.012  0.219  0.010
  1.000  0.039  0.007  0.093  0.007  0.201  0.009  0.169  0.007
  0.900  0.029  0.007  0.063  0.006  0.156  0.008  0.118  0.006
  0.800  0.024  0.006  0.051  0.006  0.128  0.008  0.094  0.006
  0.700  0.001  0.006  0.047  0.006  0.099  0.008  0.075  0.006
  0.600  0.002  0.006  0.027  0.006  0.071  0.010  0.067  0.007
  0.500 -0.008  0.006  0.001  0.006  0.032  0.011  0.028  0.007
  0.400 -0.014  0.006 -0.022  0.006 -0.016  0.011 -0.026  0.008
  0.300 -0.014  0.006 -0.027  0.007 -0.018  0.012 -0.032  0.009
  0.200 -0.028  0.006 -0.025  0.007 -0.011  0.013 -0.020  0.009
  0.100 -0.026  0.006 -0.044  0.007 -0.028  0.014 -0.052  0.010
  0.000 -0.024  0.006 -0.043  0.007 -0.041  0.013 -0.042  0.010
 -0.100 -0.019  0.006 -0.035  0.007 -0.025  0.013 -0.032  0.010
 -0.200 -0.014  0.006 -0.044  0.007 -0.034  0.013 -0.029  0.009
 -0.300 -0.019  0.006 -0.023  0.007 -0.028  0.012 -0.022  0.009
 -0.400 -0.022  0.006 -0.012  0.006 -0.003  0.012 -0.008  0.008
 -0.500 -0.009  0.006  0.000  0.006  0.006  0.011  0.011  0.008
 -0.600  0.001  0.006  0.009  0.006  0.047  0.010  0.042  0.007
 -0.700  0.025  0.006  0.049  0.006  0.109  0.009  0.097  0.006
 -0.800  0.028  0.007  0.067  0.006  0.171  0.008  0.137  0.006
 -0.900  0.051  0.007  0.094  0.006  0.215  0.008  0.186  0.007
 -1.000  0.045  0.007  0.115  0.007  0.281  0.010  0.221  0.008
 -1.100  0.053  0.008  0.141  0.009  0.321  0.013  0.279  0.010
 -1.200  0.056  0.010  0.183  0.012  0.328  0.021  0.308  0.016
 -1.300  0.036  0.011  0.175  0.017  0.218  0.042  0.328  0.029
 -1.400  0.029  0.014  0.149  0.025  0.235  0.079  0.223  0.053
 -1.500  0.041  0.018  0.138  0.041  0.112  0.143  0.121  0.136
 -1.600  0.035  0.023  0.114  0.067  0.756  0.127  0.229  0.189
 -1.700  0.056  0.030  0.013  0.106 -0.399  0.399  0.059  0.125
 -1.800  0.076  0.042  0.119  0.250  0.000  0.000  0.863  0.863
 -1.900  0.019  0.056  0.057  0.399  0.000  0.000  0.000  0.000
 -2.000 -0.067  0.094  0.977  0.022  0.000  0.000  0.000  0.000


