 v2
 yn p d 3He t
  2.000 -0.033  0.070  0.000  0.000  0.000  0.000  0.000  0.000
  1.900  0.096  0.049  0.810  0.095  0.000  0.000  0.000  0.000
  1.800  0.016  0.037  0.092  0.191  0.000  0.000  0.000  0.000
  1.700  0.004  0.028  0.081  0.139  0.737  0.014  0.387  0.025
  1.600  0.029  0.021  0.067  0.057  0.356  0.226  0.105  0.217
  1.500  0.026  0.016  0.123  0.036  0.030  0.142  0.152  0.084
  1.400  0.044  0.013  0.113  0.023  0.181  0.064  0.180  0.044
  1.300  0.055  0.011  0.150  0.014  0.309  0.031  0.240  0.025
  1.200  0.043  0.009  0.108  0.010  0.315  0.016  0.248  0.013
  1.100  0.036  0.007  0.105  0.008  0.238  0.011  0.216  0.009
  1.000  0.041  0.007  0.097  0.006  0.201  0.009  0.164  0.007
  0.900  0.030  0.006  0.068  0.006  0.174  0.008  0.128  0.006
  0.800  0.021  0.006  0.051  0.005  0.128  0.007  0.104  0.005
  0.700  0.004  0.006  0.038  0.005  0.084  0.008  0.076  0.006
  0.600  0.007  0.006  0.018  0.005  0.066  0.009  0.054  0.006
  0.500 -0.003  0.006  0.003  0.006  0.041  0.010  0.030  0.007
  0.400 -0.011  0.006 -0.026  0.006 -0.004  0.011 -0.008  0.008
  0.300 -0.016  0.006 -0.032  0.006 -0.028  0.011 -0.040  0.008
  0.200 -0.016  0.006 -0.037  0.006 -0.017  0.012 -0.027  0.008
  0.100 -0.024  0.006 -0.041  0.006 -0.041  0.012 -0.047  0.009
  0.000 -0.029  0.006 -0.040  0.006 -0.028  0.012 -0.055  0.009
 -0.100 -0.012  0.006 -0.040  0.006 -0.042  0.012 -0.040  0.009
 -0.200 -0.019  0.006 -0.027  0.006 -0.030  0.012 -0.020  0.009
 -0.300 -0.012  0.006 -0.025  0.006 -0.016  0.011 -0.012  0.008
 -0.400 -0.013  0.006 -0.009  0.006  0.009  0.011 -0.007  0.008
 -0.500 -0.008  0.006  0.001  0.006  0.025  0.010  0.025  0.007
 -0.600  0.001  0.006  0.021  0.005  0.058  0.009  0.055  0.006
 -0.700  0.018  0.006  0.048  0.005  0.124  0.008  0.109  0.006
 -0.800  0.027  0.006  0.070  0.005  0.160  0.007  0.144  0.006
 -0.900  0.049  0.006  0.089  0.006  0.216  0.008  0.197  0.006
 -1.000  0.047  0.007  0.117  0.007  0.266  0.009  0.218  0.007
 -1.100  0.055  0.008  0.138  0.008  0.298  0.012  0.270  0.010
 -1.200  0.038  0.009  0.161  0.011  0.313  0.019  0.310  0.015
 -1.300  0.020  0.011  0.123  0.016  0.323  0.036  0.246  0.028
 -1.400  0.053  0.013  0.108  0.024  0.144  0.075  0.239  0.053
 -1.500  0.050  0.016  0.208  0.037  0.180  0.134  0.180  0.106
 -1.600  0.025  0.021  0.215  0.057 -0.177  0.460  0.039  0.231
 -1.700 -0.018  0.027 -0.062  0.092 -0.026  0.026  0.169  0.169
 -1.800  0.049  0.037  0.286  0.191  0.000  0.000 -0.349  0.349
 -1.900 -0.016  0.052 -0.506  0.279  0.000  0.000  0.000  0.000
 -2.000 -0.042  0.080 -0.227  0.227  0.000  0.000  0.000  0.000

